# cv  sampled_fes  reweighted_fes
-3.14159 8.16443 11.4713
-3.12058 7.71931 10.7298
-3.09956 7.28157 10.021
-3.07855 6.85249 9.34271
-3.05754 6.4331 8.69323
-3.03652 6.02434 8.0712
-3.01551 5.62708 7.47582
-2.99449 5.24227 6.90672
-2.97348 4.87088 6.36393
-2.95247 4.51391 5.84769
-2.93145 4.17227 5.35832
-2.91044 3.84677 4.8961
-2.88942 3.53798 4.46114
-2.86841 3.24628 4.05341
-2.8474 2.97183 3.67275
-2.82638 2.71462 3.3189
-2.80537 2.47459 2.99155
-2.78435 2.25163 2.69043
-2.76334 2.04572 2.41525
-2.74233 1.85689 2.16573
-2.72131 1.68521 1.94158
-2.7003 1.53078 1.74241
-2.67928 1.39367 1.56777
-2.65827 1.27386 1.41709
-2.63726 1.17119 1.28971
-2.61624 1.08537 1.18493
-2.59523 1.01595 1.10201
-2.57421 0.962343 1.0402
-2.5532 0.923855 0.998775
-2.53219 0.899673 0.976973
-2.51117 0.888896 0.974002
-2.49016 0.890535 0.988984
-2.46914 0.903524 1.02092
-2.44813 0.926739 1.06867
-2.42712 0.959028 1.13098
-2.4061 0.999251 1.20652
-2.38509 1.04634 1.29391
-2.36407 1.09933 1.39185
-2.34306 1.15741 1.49914
-2.32205 1.21994 1.61472
-2.30103 1.28637 1.73768
-2.28002 1.35625 1.86727
-2.259 1.42907 2.00274
-2.23799 1.50419 2.14332
-2.21698 1.5808 2.28806
-2.19596 1.6578 2.43574
-2.17495 1.73384 2.58473
-2.15393 1.8074 2.73301
-2.13292 1.87684 2.87818
-2.11191 1.94057 3.01754
-2.09089 1.99717 3.14829
-2.06988 2.04548 3.26776
-2.04886 2.08465 3.37356
-2.02785 2.11413 3.46376
-2.00684 2.13361 3.5369
-1.98582 2.14297 3.59188
-1.96481 2.14217 3.62787
-1.94379 2.13117 3.6441
-1.92278 2.10996 3.63978
-1.90177 2.07844 3.61402
-1.88075 2.03653 3.56595
-1.85974 1.98415 3.49481
-1.83872 1.92126 3.40014
-1.81771 1.84796 3.28197
-1.7967 1.76445 3.1409
-1.77568 1.67115 2.97821
-1.75467 1.56866 2.79584
-1.73365 1.45781 2.59636
-1.71264 1.33969 2.38287
-1.69163 1.21565 2.15894
-1.67061 1.08732 1.92846
-1.6496 0.956611 1.69554
-1.62858 0.825669 1.46438
-1.60757 0.696833 1.2391
-1.58656 0.572531 1.02366
-1.56554 0.455189 0.821699
-1.54453 0.347145 0.63652
-1.52351 0.250571 0.470994
-1.5025 0.167431 0.327564
-1.48149 0.0994497 0.208251
-1.46047 0.0481048 0.114689
-1.43946 0.0146258 0.0481649
-1.41844 -0 0.00967901
-1.39743 0.00498101 -0
-1.37642 0.0301021 0.0197221
-1.3554 0.0756936 0.0693151
-1.33439 0.141906 0.149165
-1.31337 0.228738 0.259599
-1.29236 0.336061 0.400898
-1.27135 0.463648 0.573292
-1.25033 0.611183 0.776943
-1.22932 0.778266 1.01192
-1.2083 0.964402 1.27815
-1.18729 1.16898 1.57545
-1.16628 1.39126 1.90343
-1.14526 1.63036 2.26157
-1.12425 1.88526 2.64918
-1.10323 2.15481 3.06548
-1.08222 2.43784 3.50958
-1.06121 2.73317 3.98056
-1.04019 3.03967 4.47747
-1.01918 3.35635 4.99934
-0.998165 3.68236 5.54521
-0.977151 4.01698 6.11412
-0.956137 4.3596 6.70513
-0.935123 4.70967 7.31736
-0.914109 5.06659 7.95005
-0.893095 5.4297 8.60267
-0.872081 5.79817 9.27499
-0.851067 6.17097 9.96715
-0.830053 6.54687 10.6797
-0.809039 6.92444 11.4133
-0.788025 7.30214 12.1687
-0.767011 7.67835 12.9462
-0.745997 8.05152 13.7454
-0.724983 8.42023 14.564
-0.703969 8.78325 15.3984
-0.682955 9.13958 16.243
-0.661941 9.48846 17.0908
-0.640927 9.82945 17.9349
-0.619913 10.1624 18.7702
-0.598899 10.4875 19.5954
-0.577885 10.8053 20.4143
-0.556871 11.1165 21.2354
-0.535857 11.4222 22.0708
-0.514843 11.7229 22.9337
-0.493829 12.0193 23.8366
-0.472815 12.3112 24.7894
-0.451801 12.5979 25.7989
-0.430787 12.8783 26.8679
-0.409773 13.1511 27.9947
-0.388759 13.4149 29.1733
-0.367745 13.6689 30.3923
-0.346731 13.9122 31.636
-0.325717 14.1447 32.8854
-0.304703 14.366 34.1214
-0.283689 14.5755 35.3294
-0.262675 14.7724 36.5035
-0.241661 14.9555 37.6479
-0.220647 15.1233 38.7747
-0.199633 15.2744 39.8988
-0.178619 15.4078 41.0336
-0.157605 15.5234 42.1862
-0.136591 15.622 43.3557
-0.115577 15.7053 44.5309
-0.094563 15.7758 45.6886
-0.073549 15.836 46.7909
-0.052535 15.8878 47.7771
-0.031521 15.9319 48.544
-0.010507 15.9673 48.9244
0.010507 15.9915 48.7338
0.031521 16.0012 47.9333
0.052535 15.9934 46.6866
0.073549 15.9663 45.2013
0.094563 15.92 43.6162
0.115577 15.8559 42.0053
0.136591 15.7763 40.4081
0.157605 15.6823 38.8478
0.178619 15.573 37.3388
0.199633 15.4449 35.8899
0.220647 15.2929 34.5055
0.241661 15.1116 33.1863
0.262675 14.8976 31.9298
0.283689 14.651 30.7309
0.304703 14.3754 29.5824
0.325717 14.0774 28.4758
0.346731 13.7646 27.4022
0.367745 13.4442 26.3538
0.388759 13.1221 25.3248
0.409773 12.8025 24.3124
0.430787 12.4878 23.3168
0.451801 12.1792 22.3408
0.472815 11.8769 21.3887
0.493829 11.5804 20.4651
0.514843 11.2888 19.5743
0.535857 11.0007 18.7194
0.556871 10.7148 17.9021
0.577885 10.4301 17.123
0.598899 10.1457 16.3817
0.619913 9.86133 15.677
0.640927 9.57705 15.0074
0.661941 9.2934 14.3713
0.682955 9.01112 13.7669
0.703969 8.73114 13.193
0.724983 8.45448 12.6482
0.745997 8.18233 12.1314
0.767011 7.91611 11.6419
0.788025 7.65753 11.1789
0.809039 7.40863 10.7419
0.830053 7.17172 10.331
0.851067 6.94923 9.94642
0.872081 6.74365 9.58903
0.893095 6.55729 9.26016
0.914109 6.39223 8.9616
0.935123 6.25023 8.69547
0.956137 6.1327 8.46409
0.977151 6.04067 8.26985
0.998165 5.97481 8.11502
1.01918 5.93546 8.00161
1.04019 5.92266 7.93131
1.06121 5.93614 7.90537
1.08222 5.97545 7.92454
1.10323 6.03991 7.9891
1.12425 6.12874 8.09883
1.14526 6.2411 8.25313
1.16628 6.37617 8.45105
1.18729 6.5332 8.69152
1.2083 6.71161 8.97347
1.22932 6.91103 9.29606
1.25033 7.13134 9.65883
1.27135 7.37267 10.0618
1.29236 7.63534 10.5057
1.31337 7.91977 10.9916
1.33439 8.22634 11.5209
1.3554 8.55518 12.0956
1.37642 8.90599 12.7174
1.39743 9.27784 13.388
1.41844 9.66902 14.1089
1.43946 10.0771 14.8816
1.46047 10.4988 15.7071
1.48149 10.9307 16.5866
1.5025 11.3694 17.5215
1.52351 11.8121 18.5131
1.54453 12.2575 19.5634
1.56554 12.7056 20.6746
1.58656 13.1582 21.8494
1.60757 13.6179 23.0907
1.62858 14.0874 24.4016
1.6496 14.5683 25.7853
1.67061 15.0597 27.2446
1.69163 15.557 28.7823
1.71264 16.0515 30.4003
1.73365 16.5306 32.1001
1.75467 16.9797 33.8819
1.77568 17.3859 35.7447
1.7967 17.7427 37.6853
1.81771 18.0529 39.6976
1.83872 18.3283 41.7717
1.85974 18.5866 43.8926
1.88075 18.8464 46.0399
1.90177 19.123 48.1888
1.92278 19.4261 50.3145
1.94379 19.7583 52.3993
1.96481 20.1153 54.4389
1.98582 20.486 56.4447
2.00684 20.8546 58.4397
2.02785 21.2038 60.4508
2.04886 21.52 62.5028
2.06988 21.7974 64.6152
2.09089 22.0385 66.8017
2.11191 22.2512 69.0708
2.13292 22.4423 71.4267
2.15393 22.6116 73.8703
2.17495 22.7494 76.3988
2.19596 22.8379 79.0048
2.21698 22.8582 81.6636
2.23799 22.8003 84.218
2.259 22.6704 85.6285
2.28002 22.4892 84.1709
2.30103 22.2846 81.3127
2.32205 22.083 78.3036
2.34306 21.9038 75.3452
2.36407 21.7578 72.4619
2.38509 21.6475 69.657
2.4061 21.5674 66.9301
2.42712 21.5046 64.2798
2.44813 21.44 61.7039
2.46914 21.3501 59.2003
2.49016 21.2119 56.7668
2.51117 21.0089 54.4017
2.53219 20.7368 52.104
2.5532 20.4036 49.8733
2.57421 20.026 47.7099
2.59523 19.6225 45.6147
2.61624 19.2076 43.5889
2.63726 18.79 41.6339
2.65827 18.3722 39.7508
2.67928 17.9524 37.9403
2.7003 17.5265 36.2024
2.72131 17.0909 34.5361
2.74233 16.6441 32.9395
2.76334 16.1875 31.4095
2.78435 15.7249 29.942
2.80537 15.2613 28.5322
2.82638 14.8013 27.1745
2.8474 14.3485 25.8636
2.86841 13.9043 24.5944
2.88942 13.4682 23.363
2.91044 13.0384 22.1667
2.93145 12.6119 21.0046
2.95247 12.1855 19.8769
2.97348 11.7561 18.7849
2.99449 11.3216 17.7303
3.01551 10.8808 16.7148
3.03652 10.4338 15.7398
3.05754 9.98168 14.806
3.07855 9.52633 13.9134
3.09956 9.07007 13.061
3.12058 8.61535 12.2476
3.14159 8.16443 11.4713
