# cv  sampled_prob  reweighted_prob # Neff/N= 0.413894
-3.14159 0.0301139 0.0101998
-3.12058 0.0359973 0.0137307
-3.09956 0.0429028 0.0182434
-3.07855 0.0509558 0.0239443
-3.05754 0.0602855 0.0310659
-3.03652 0.0710205 0.0398645
-3.01551 0.0832819 0.0506116
-2.99449 0.0971742 0.0635825
-2.97348 0.112775 0.0790395
-2.95247 0.130127 0.0972137
-2.93145 0.149228 0.118286
-2.91044 0.17003 0.142368
-2.88942 0.192437 0.169489
-2.86841 0.21631 0.199587
-2.8474 0.24147 0.232493
-2.82638 0.267698 0.26793
-2.80537 0.29474 0.305503
-2.78435 0.322298 0.344703
-2.76334 0.350033 0.384908
-2.74233 0.377561 0.425403
-2.72131 0.404464 0.465402
-2.7003 0.430295 0.504087
-2.67928 0.45461 0.540646
-2.65827 0.476979 0.574312
-2.63726 0.497022 0.604402
-2.61624 0.51442 0.630332
-2.59523 0.528939 0.651639
-2.57421 0.540429 0.667988
-2.5532 0.548832 0.679175
-2.53219 0.554179 0.685138
-2.51117 0.556579 0.685954
-2.49016 0.556213 0.681846
-2.46914 0.553324 0.673173
-2.44813 0.548198 0.660408
-2.42712 0.541148 0.644114
-2.4061 0.532491 0.624901
-2.38509 0.522534 0.603385
-2.36407 0.51155 0.580152
-2.34306 0.499775 0.555728
-2.32205 0.487403 0.530565
-2.30103 0.474593 0.505043
-2.28002 0.461482 0.479476
-2.259 0.448205 0.454129
-2.23799 0.434906 0.429242
-2.21698 0.421752 0.405043
-2.19596 0.408932 0.381759
-2.17495 0.396653 0.359624
-2.15393 0.385127 0.338868
-2.13292 0.374554 0.319709
-2.11191 0.365105 0.302336
-2.09089 0.356914 0.286896
-2.06988 0.350067 0.273479
-2.04886 0.344613 0.262122
-2.02785 0.340564 0.252812
-2.00684 0.337914 0.245507
-1.98582 0.336648 0.240155
-1.96481 0.336757 0.236714
-1.94379 0.338244 0.235179
-1.92278 0.341134 0.235587
-1.90177 0.345472 0.238032
-1.88075 0.351326 0.242664
-1.85974 0.358782 0.249685
-1.83872 0.367942 0.259343
-1.81771 0.378916 0.271925
-1.7967 0.391816 0.287747
-1.77568 0.40675 0.307141
-1.75467 0.423811 0.330438
-1.73365 0.443069 0.357951
-1.71264 0.464555 0.389937
-1.69163 0.488241 0.426564
-1.67061 0.514017 0.467857
-1.6496 0.541672 0.513649
-1.62858 0.570867 0.563526
-1.60757 0.601128 0.616791
-1.58656 0.631844 0.672434
-1.56554 0.662278 0.729143
-1.54453 0.691595 0.785335
-1.52351 0.718897 0.839218
-1.5025 0.743263 0.888889
-1.48149 0.763798 0.932441
-1.46047 0.779684 0.968081
-1.43946 0.790219 0.994247
-1.41844 0.794866 1.00971
-1.39743 0.79328 1.01363
-1.37642 0.785331 1.00565
-1.3554 0.771107 0.985853
-1.33439 0.750908 0.954793
-1.31337 0.725217 0.913443
-1.29236 0.694675 0.863136
-1.27135 0.660036 0.805496
-1.25033 0.622128 0.742344
-1.22932 0.58182 0.675606
-1.2083 0.539983 0.607209
-1.18729 0.497462 0.538984
-1.16628 0.455049 0.472575
-1.14526 0.413455 0.409369
-1.12425 0.373292 0.35045
-1.10323 0.335054 0.296581
-1.08222 0.299113 0.24821
-1.06121 0.265715 0.205502
-1.04019 0.234991 0.168383
-1.01918 0.206972 0.136595
-0.998165 0.181615 0.109747
-0.977151 0.158814 0.0873652
-0.956137 0.138431 0.0689345
-0.935123 0.120305 0.0539312
-0.914109 0.104265 0.0418486
-0.893095 0.09014 0.0322145
-0.872081 0.0777612 0.0246033
-0.851067 0.0669659 0.0186414
-0.830053 0.0575977 0.0140095
-0.809039 0.0495068 0.0104398
-0.788025 0.0425504 0.00771196
-0.767011 0.0365932 0.00564654
-0.745997 0.0315084 0.00409872
-0.724983 0.0271788 0.00295196
-0.703969 0.0234976 0.00211265
-0.682955 0.0203696 0.00150584
-0.661941 0.0177108 0.00107193
-0.640927 0.0154479 0.000764188
-0.619913 0.0135176 0.000546721
-0.598899 0.0118658 0.000392723
-0.577885 0.0104464 0.000282822
-0.556871 0.00922091 0.00020349
-0.535857 0.00815753 0.000145576
-0.514843 0.00723082 0.000103001
-0.493829 0.00642073 7.17205e-05
-0.472815 0.00571172 4.89489e-05
-0.451801 0.00509155 3.2657e-05
-0.430787 0.00455017 2.12744e-05
-0.409773 0.00407882 1.35412e-05
-0.388759 0.00366939 8.44226e-06
-0.367745 0.00331422 5.17858e-06
-0.346731 0.00300611 3.14534e-06
-0.325717 0.0027386 1.90606e-06
-0.304703 0.00250615 1.16128e-06
-0.283689 0.00230424 7.15488e-07
-0.262675 0.00212932 4.46861e-07
-0.241661 0.00197861 2.82435e-07
-0.220647 0.00184987 1.79781e-07
-0.199633 0.00174114 1.14555e-07
-0.178619 0.00165045 7.26846e-08
-0.157605 0.00157572 4.57879e-08
-0.136591 0.00151469 2.86499e-08
-0.115577 0.00146494 1.7886e-08
-0.094563 0.00142411 1.12447e-08
-0.073549 0.00139013 7.22813e-09
-0.052535 0.00136154 4.86764e-09
-0.031521 0.00133768 3.57916e-09
-0.010507 0.00131886 3.07289e-09
0.010507 0.00130613 3.31694e-09
0.031521 0.00130104 4.57212e-09
0.052535 0.0013051 7.53679e-09
0.073549 0.00131935 1.36706e-08
0.094563 0.0013441 2.58092e-08
0.115577 0.00137907 4.92324e-08
0.136591 0.0014238 9.33977e-08
0.157605 0.00147848 1.74584e-07
0.178619 0.00154473 3.19698e-07
0.199633 0.00162611 5.71494e-07
0.220647 0.00172829 9.95534e-07
0.241661 0.00185859 1.68947e-06
0.262675 0.00202506 2.79589e-06
0.283689 0.00223553 4.52125e-06
0.304703 0.00249667 7.16511e-06
0.325717 0.00281352 1.1166e-05
0.346731 0.00318944 1.71721e-05
0.367745 0.00362656 2.61436e-05
0.388759 0.00412641 3.94937e-05
0.409773 0.00469058 5.92655e-05
0.430787 0.00532134 8.83378e-05
0.451801 0.00602214 0.000130641
0.472815 0.00679801 0.000191361
0.493829 0.007656 0.000277111
0.514843 0.00860564 0.000396051
0.535857 0.00965927 0.000557965
0.556871 0.0108321 0.000774296
0.577885 0.0121419 0.00105817
0.598899 0.0136082 0.00142438
0.619913 0.0152517 0.00188939
0.640927 0.0170928 0.00247119
0.661941 0.0191514 0.00318912
0.682955 0.0214461 0.00406344
0.703969 0.0239937 0.00511475
0.724983 0.0268081 0.00636328
0.745997 0.0298986 0.00782798
0.767011 0.0332662 0.00952543
0.788025 0.0368999 0.0114684
0.809039 0.040772 0.0136641
0.830053 0.0448344 0.0161112
0.851067 0.0490172 0.018797
0.872081 0.0532284 0.0216928
0.893095 0.0573577 0.02475
0.914109 0.0612816 0.027897
0.935123 0.0648714 0.031038
0.956137 0.0680012 0.0340549
0.977151 0.0705571 0.0368128
0.998165 0.0724449 0.0391704
1.01918 0.0735967 0.0409924
1.04019 0.0739755 0.0421642
1.06121 0.0735766 0.042605
1.08222 0.0724263 0.0422788
1.10323 0.0705787 0.0411986
1.12425 0.0681093 0.0394254
1.14526 0.0651093 0.0370605
1.16628 0.0616774 0.0342335
1.18729 0.0579142 0.0310873
1.2083 0.0539165 0.0277646
1.22932 0.0497737 0.0243963
1.25033 0.045566 0.0210941
1.27135 0.0413641 0.0179471
1.29236 0.0372297 0.0150214
1.31337 0.0332175 0.0123628
1.33439 0.0293758 0.00999876
1.3554 0.0257474 0.00794127
1.37642 0.0223693 0.00618916
1.39743 0.0192713 0.00473013
1.41844 0.016474 0.0035428
1.43946 0.013988 0.00259909
1.46047 0.0118121 0.00186676
1.48149 0.00993406 0.00131205
1.5025 0.00833199 0.000901954
1.52351 0.00697691 0.000606079
1.54453 0.00583606 0.000397795
1.56554 0.00487633 0.00025479
1.58656 0.00406716 0.000159087
1.60757 0.00338261 9.67186e-05
1.62858 0.00280222 5.71825e-05
1.6496 0.00231087 3.28362e-05
1.67061 0.00189769 1.82921e-05
1.69163 0.00155467 9.87511e-06
1.71264 0.00127508 5.16204e-06
1.73365 0.00105225 2.61137e-06
1.75467 0.000878876 1.27828e-06
1.77568 0.000746788 6.0575e-07
1.7967 0.000647253 2.78239e-07
1.81771 0.000571576 1.2418e-07
1.83872 0.000511821 5.40661e-08
1.85974 0.000461463 2.31019e-08
1.88075 0.000415818 9.76747e-09
1.90177 0.000372173 4.12699e-09
1.92278 0.000329596 1.76e-09
1.94379 0.000288493 7.63008e-10
1.96481 0.000250022 3.36833e-10
1.98582 0.000215492 1.50721e-10
2.00684 0.000185893 6.77358e-11
2.02785 0.000161607 3.02454e-11
2.04886 0.000142363 1.32856e-11
2.06988 0.000127381 5.69626e-12
2.09089 0.000115643 2.37082e-12
2.11191 0.00010619 9.54609e-13
2.13292 9.83606e-05 3.71213e-13
2.15393 9.19047e-05 1.39369e-13
2.17495 8.6965e-05 5.05734e-14
2.19596 8.3935e-05 1.77907e-14
2.21698 8.32555e-05 6.12716e-15
2.23799 8.5208e-05 2.20045e-15
2.259 8.97643e-05 1.25003e-15
2.28002 9.65283e-05 2.24239e-15
2.30103 0.000104779 7.05261e-15
2.32205 0.0001136 2.35657e-14
2.34306 0.000122063 7.71559e-14
2.36407 0.000129418 2.45123e-13
2.38509 0.000135269 7.54662e-13
2.4061 0.000139685 2.25182e-12
2.42712 0.000143244 6.51615e-12
2.44813 0.000147003 1.83014e-11
2.46914 0.000152397 4.99344e-11
2.49016 0.000161081 1.32466e-10
2.51117 0.000174736 3.41892e-10
2.53219 0.000194883 8.58903e-10
2.5532 0.000222733 2.10057e-09
2.57421 0.000259131 5.00048e-09
2.59523 0.00030464 1.15828e-08
2.61624 0.000359768 2.60932e-08
2.63726 0.000425333 5.7137e-08
2.65827 0.00050288 1.21558e-07
2.67928 0.000595063 2.51195e-07
2.7003 0.000705861 5.04201e-07
2.72131 0.000840555 9.83386e-07
2.74233 0.00100545 1.86516e-06
2.76334 0.00120743 3.44437e-06
2.78435 0.00145346 6.20317e-06
2.80537 0.00175035 1.09165e-05
2.82638 0.00210476 1.88134e-05
2.8474 0.00252376 3.18212e-05
2.86841 0.00301575 5.29294e-05
2.88942 0.00359183 8.67167e-05
2.91044 0.00426726 0.000140082
2.93145 0.00506298 0.000223214
2.95247 0.00600696 0.000350807
2.97348 0.00713533 0.000543506
2.99449 0.00849316 0.000829516
3.01551 0.0101348 0.00124632
3.03652 0.0121239 0.0018424
3.05754 0.0145332 0.00267899
3.07855 0.017444 0.00383174
3.09956 0.0209452 0.00539259
3.12058 0.0251338 0.00747172
3.14159 0.0301139 0.0101998
