# cv  sampled_prob  reweighted_prob # Neff/N= 0.413894
-100 8.50057e-27 3.30306e-26
-98.6622 5.84168e-25 2.26988e-24
-97.3244 3.29211e-23 1.27919e-22
-95.9866 1.52157e-21 5.91218e-21
-94.6488 5.76822e-20 2.24126e-19
-93.311 1.79389e-18 6.9701e-18
-91.9732 4.57782e-17 1.77866e-16
-90.6355 9.58919e-16 3.72565e-15
-89.2977 1.64964e-14 6.40901e-14
-87.9599 2.33242e-13 9.06116e-13
-86.6221 2.71348e-12 1.05406e-11
-85.2843 2.60182e-11 1.01057e-10
-83.9465 2.06136e-10 8.00504e-10
-82.6087 1.35453e-09 5.25872e-09
-81.2709 7.42318e-09 2.88077e-08
-79.9331 3.42016e-08 1.32651e-07
-78.5953 1.33968e-07 5.19154e-07
-77.2575 4.52634e-07 1.75198e-06
-75.9197 1.34177e-06 5.18531e-06
-74.5819 3.55054e-06 1.36941e-05
-73.2441 8.51018e-06 3.27463e-05
-71.9064 1.86656e-05 7.16317e-05
-70.5686 3.77213e-05 0.000144323
-69.2308 7.06909e-05 0.000269526
-67.893 0.000123862 0.00047033
-66.5552 0.000204961 0.000774516
-65.2174 0.000323568 0.00121573
-63.8796 0.000491551 0.00183452
-62.5418 0.000723247 0.00267832
-61.204 0.00103508 0.00379951
-59.8662 0.0014435 0.00524769
-58.5284 0.00196056 0.00705349
-57.1906 0.00258947 0.00921236
-55.8528 0.00332474 0.0116845
-54.5151 0.00415677 0.0144123
-53.1773 0.00507472 0.0173327
-51.8395 0.00606293 0.0203676
-50.5017 0.00709593 0.0234076
-49.1639 0.00813991 0.0263167
-47.8261 0.00916053 0.0289601
-46.4883 0.0101294 0.0312298
-45.1505 0.0110259 0.0330528
-43.8127 0.0118362 0.0343892
-42.4749 0.012553 0.0352278
-41.1371 0.0131727 0.0355773
-39.7993 0.0136901 0.0354519
-38.4615 0.0140956 0.0348631
-37.1237 0.0143793 0.0338283
-35.786 0.0145395 0.0323881
-34.4482 0.014589 0.0306173
-33.1104 0.0145516 0.0286148
-31.7726 0.0144463 0.0264729
-30.4348 0.014276 0.0242503
-29.097 0.0140339 0.021979
-27.7592 0.0137214 0.019695
-26.4214 0.0133566 0.017454
-25.0836 0.0129646 0.0153171
-23.7458 0.0125637 0.0133287
-22.408 0.0121607 0.0115088
-21.0702 0.0117549 0.00986075
-19.7324 0.0113452 0.00838107
-18.3946 0.0109351 0.00706543
-17.0569 0.0105343 0.00591031
-15.7191 0.010153 0.0049105
-14.3813 0.00979427 0.00405595
-13.0435 0.00945331 0.00333153
-11.7057 0.00912312 0.00272031
-10.3679 0.00880088 0.00220706
-9.0301 0.00848938 0.00177922
-7.69231 0.00819486 0.00142601
-6.35452 0.00792503 0.00113742
-5.01672 0.00768749 0.000903963
-3.67893 0.00748579 0.000716785
-2.34114 0.00731371 0.000567626
-1.00334 0.00715378 0.000448844
0.334448 0.00698423 0.000353767
1.67224 0.00678952 0.000277175
3.01003 0.0065656 0.000215382
4.34783 0.00631824 0.00016583
5.68562 0.00605966 0.000126553
7.02341 0.00580617 9.58659e-05
8.3612 0.00557416 7.22522e-05
9.699 0.00537414 5.43366e-05
11.0368 0.00520669 4.08771e-05
12.3746 0.00506379 3.07958e-05
13.7124 0.00493374 2.32191e-05
15.0502 0.00480579 1.74886e-05
16.388 0.00467216 1.31314e-05
17.7258 0.00452844 9.81149e-06
19.0635 0.00437499 7.28587e-06
20.4013 0.00421907 5.37408e-06
21.7391 0.00407405 3.93988e-06
23.0769 0.00395312 2.8775e-06
24.4147 0.00386129 2.1006e-06
25.7525 0.00379237 1.53672e-06
27.0903 0.00373321 1.12681e-06
28.4281 0.00367199 8.26194e-07
29.7659 0.00360479 6.03693e-07
31.1037 0.00353606 4.38579e-07
32.4415 0.00347295 3.16791e-07
33.7793 0.00341895 2.27914e-07
35.1171 0.0033724 1.63618e-07
36.4548 0.00332907 1.17265e-07
37.7926 0.00328497 8.38357e-08
39.1304 0.00323813 5.97167e-08
40.4682 0.00318997 4.23437e-08
41.806 0.00314529 2.9886e-08
43.1438 0.00310984 2.10168e-08
44.4816 0.00308689 1.47546e-08
45.8194 0.00307544 1.03617e-08
47.1572 0.00307084 7.2869e-09
48.495 0.00306703 5.12965e-09
49.8328 0.00305951 3.60882e-09
51.1706 0.0030482 2.53229e-09
52.5084 0.00303738 1.77012e-09
53.8462 0.00303168 1.23314e-09
55.1839 0.00303148 8.57697e-10
56.5217 0.00303186 5.96652e-10
57.8595 0.00302604 4.15195e-10
59.1973 0.00300968 2.88582e-10
60.5351 0.00298309 1.99945e-10
61.8729 0.00295076 1.37942e-10
63.2107 0.00291865 9.4786e-11
64.5485 0.0028904 6.49613e-11
65.8863 0.00286464 4.44772e-11
67.2241 0.00283658 3.04471e-11
68.5619 0.00280365 2.08256e-11
69.8997 0.0027696 1.42133e-11
71.2375 0.00274183 9.67706e-12
72.5753 0.00272411 6.586e-12
73.913 0.00271272 4.49382e-12
75.2508 0.00269985 3.07783e-12
76.5886 0.00267999 2.11215e-12
77.9264 0.00265231 1.44765e-12
79.2642 0.00261805 9.88811e-13
80.602 0.00257726 6.72862e-13
81.9398 0.00252848 4.56356e-13
83.2776 0.00247071 3.08528e-13
84.6154 0.00240503 2.07847e-13
85.9532 0.00233502 1.39491e-13
87.291 0.00226583 9.33039e-14
88.6288 0.0022022 6.22835e-14
89.9666 0.00214578 4.15699e-14
91.3043 0.00209384 2.77885e-14
92.6421 0.00204136 1.86151e-14
93.9799 0.00198598 1.24812e-14
95.3177 0.00193074 8.35925e-15
96.6555 0.00188097 5.58877e-15
97.9933 0.00183823 3.73691e-15
99.3311 0.00179803 2.50568e-15
100.669 0.0017529 1.6854e-15
102.007 0.00169677 1.13364e-15
103.344 0.00162769 7.58926e-16
104.682 0.00154943 5.03792e-16
106.02 0.00147112 3.31234e-16
107.358 0.00140323 2.16226e-16
108.696 0.0013514 1.40995e-16
110.033 0.00131347 9.25088e-17
111.371 0.0012819 6.13274e-17
112.709 0.00124912 4.1017e-17
114.047 0.00121123 2.75258e-17
115.385 0.0011685 1.84317e-17
116.722 0.00112355 1.22778e-17
118.06 0.00107859 8.13482e-18
119.398 0.00103372 5.37023e-18
120.736 0.000987488 3.53828e-18
122.074 0.000939013 2.32691e-18
123.411 0.000889631 1.5251e-18
124.749 0.000842542 9.94972e-19
126.087 0.000801093 6.46763e-19
127.425 0.000767042 4.20378e-19
128.763 0.000739682 2.7445e-19
130.1 0.000715966 1.80535e-19
131.438 0.000691722 1.19632e-19
132.776 0.000663679 7.95512e-20
134.114 0.000631134 5.27793e-20
135.452 0.000595804 3.47778e-20
136.789 0.000560157 2.27364e-20
138.127 0.000526101 1.47827e-20
139.465 0.000494963 9.59007e-21
140.803 0.000467603 6.22047e-21
142.14 0.000443663 4.0381e-21
143.478 0.000421033 2.62522e-21
144.816 0.000396991 1.70831e-21
146.154 0.000370396 1.10927e-21
147.492 0.000342835 7.15486e-22
148.829 0.000317612 4.57405e-22
150.167 0.000297673 2.90803e-22
151.505 0.000284163 1.8544e-22
152.843 0.00027619 1.19762e-22
154.181 0.000271236 7.87922e-23
155.518 0.000265944 5.27534e-23
156.856 0.000257436 3.56541e-23
158.194 0.000244776 2.40324e-23
159.532 0.00022938 1.59837e-23
160.87 0.00021381 1.04458e-23
162.207 0.00019996 6.73216e-24
163.545 0.000188151 4.31299e-24
164.883 0.000177447 2.76551e-24
166.221 0.000166441 1.7787e-24
167.559 0.000153963 1.14455e-24
168.896 0.000139723 7.32358e-25
170.234 0.000124721 4.62553e-25
171.572 0.000110947 2.8704e-25
172.91 0.000100359 1.7558e-25
174.247 9.37997e-05 1.07336e-25
175.585 9.06402e-05 6.69025e-26
176.923 8.93904e-05 4.31324e-26
178.261 8.86652e-05 2.8722e-26
179.599 8.7655e-05 1.94861e-26
180.936 8.58592e-05 1.32812e-26
182.274 8.26748e-05 9.01844e-27
183.612 7.75017e-05 6.06646e-27
184.95 7.03457e-05 4.01298e-27
186.288 6.22372e-05 2.59124e-27
187.625 5.48064e-05 1.63228e-27
188.963 4.91655e-05 1.01516e-27
190.301 4.51147e-05 6.36041e-28
191.639 4.15019e-05 4.05646e-28
192.977 3.73701e-05 2.59852e-28
194.314 3.27431e-05 1.62801e-28
195.652 2.84204e-05 9.80855e-29
196.99 2.52405e-05 5.72053e-29
198.328 2.36299e-05 3.32578e-29
199.666 2.36466e-05 2.00291e-29
201.003 2.50697e-05 1.28526e-29
202.341 2.72433e-05 8.85523e-30
203.679 2.90047e-05 6.45693e-30
205.017 2.91387e-05 4.80931e-30
206.355 2.71678e-05 3.49818e-30
207.692 2.37657e-05 2.39713e-30
209.03 2.03529e-05 1.52526e-30
210.368 1.81823e-05 9.1337e-31
211.706 1.76245e-05 5.38479e-31
213.043 1.81025e-05 3.32963e-31
214.381 1.85859e-05 2.23454e-31
215.719 1.82575e-05 1.58103e-31
217.057 1.69537e-05 1.11211e-31
218.395 1.51152e-05 7.4629e-32
219.732 1.32973e-05 4.7335e-32
221.07 1.16813e-05 2.88793e-32
222.408 1.00571e-05 1.74162e-32
223.746 8.22456e-06 1.04808e-32
225.084 6.31181e-06 6.16261e-33
226.421 4.68939e-06 3.43111e-33
227.759 3.65195e-06 1.79009e-33
229.097 3.2287e-06 9.05148e-34
230.435 3.25605e-06 4.81939e-34
231.773 3.55251e-06 2.93498e-34
233.11 3.98334e-06 2.05377e-34
234.448 4.3869e-06 1.56112e-34
235.786 4.52307e-06 1.2176e-34
237.124 4.17902e-06 9.2621e-35
238.462 3.35082e-06 6.53819e-35
239.799 2.28509e-06 4.10625e-35
241.137 1.31216e-06 2.22756e-35
242.475 6.41563e-07 1.02503e-35
243.813 3.048e-07 3.96839e-36
245.151 2.39607e-07 1.31467e-36
246.488 3.81684e-07 4.39311e-37
247.826 6.74647e-07 2.61793e-37
249.164 1.02329e-06 2.99027e-37
250.502 1.28016e-06 3.59107e-37
251.839 1.31706e-06 3.66476e-37
253.177 1.1244e-06 3.08106e-37
254.515 8.30977e-07 2.13058e-37
255.853 6.19073e-07 1.22427e-37
257.191 6.13385e-07 6.12636e-38
258.528 8.1737e-07 3.14565e-38
259.866 1.11228e-06 2.18207e-38
261.204 1.31965e-06 2.00314e-38
262.542 1.31575e-06 1.84576e-38
263.88 1.12623e-06 1.47534e-38
265.217 9.11387e-07 9.92393e-39
266.555 8.43556e-07 5.78465e-39
267.893 9.76251e-07 3.27019e-39
269.231 1.20408e-06 2.17784e-39
270.569 1.34077e-06 1.79112e-39
271.906 1.25833e-06 1.5198e-39
273.244 9.75209e-07 1.14518e-39
274.582 6.20694e-07 7.23487e-40
275.92 3.23976e-07 3.76903e-40
277.258 1.38626e-07 1.61192e-40
278.595 4.86213e-08 5.65289e-41
279.933 1.39782e-08 1.62511e-41
281.271 3.29396e-09 3.82951e-42
282.609 6.36241e-10 7.39685e-43
283.946 1.00731e-10 1.17109e-43
285.284 1.30721e-11 1.51975e-44
286.622 1.39049e-12 1.61656e-45
287.96 1.21234e-13 1.40945e-46
289.298 8.6641e-15 1.00728e-47
290.635 5.07528e-16 5.90044e-49
291.973 2.43688e-17 2.83308e-50
293.311 9.59066e-19 1.115e-51
294.649 3.09386e-20 3.59687e-53
295.987 8.18072e-22 9.51078e-55
297.324 1.77305e-23 2.06132e-56
298.662 3.14985e-25 3.66196e-58
300 4.58666e-27 5.33238e-60
