# cv  sampled_fes  reweighted_fes
-3.14159 0.432033 11.5255
-3.12058 0.35502 10.7692
-3.09956 0.2831 10.043
-3.07855 0.217286 9.347
-3.05754 0.158578 8.68131
-3.03652 0.107906 8.04613
-3.01551 0.0661036 7.44164
-2.99449 0.0338921 6.8679
-2.97348 0.0118661 6.32482
-2.95247 0.000476792 5.81214
-2.93145 -0 5.32937
-2.91044 0.0104906 4.87581
-2.88942 0.0317283 4.45061
-2.86841 0.0631667 4.05279
-2.8474 0.1039 3.68132
-2.82638 0.15266 3.33526
-2.80537 0.207865 3.01375
-2.78435 0.267706 2.71612
-2.76334 0.330286 2.44193
-2.74233 0.393783 2.19094
-2.72131 0.45661 1.96311
-2.7003 0.517562 1.75859
-2.67928 0.575893 1.57761
-2.65827 0.631346 1.42049
-2.63726 0.684101 1.28751
-2.61624 0.734679 1.17887
-2.59523 0.783811 1.09459
-2.57421 0.832286 1.03443
-2.5532 0.880812 0.997842
-2.53219 0.929897 0.983872
-2.51117 0.979768 0.991156
-2.49016 1.03033 1.01794
-2.46914 1.0812 1.06213
-2.44813 1.13177 1.12146
-2.42712 1.18137 1.19361
-2.4061 1.22938 1.27642
-2.38509 1.27542 1.36805
-2.36407 1.31941 1.46708
-2.34306 1.36161 1.57255
-2.32205 1.40253 1.68388
-2.30103 1.44277 1.8007
-2.28002 1.48293 1.92272
-2.259 1.5234 2.04948
-2.23799 1.56432 2.18028
-2.21698 1.60559 2.31409
-2.19596 1.6469 2.44955
-2.17495 1.68789 2.58514
-2.15393 1.72821 2.71923
-2.13292 1.7676 2.8502
-2.11191 1.80592 2.97652
-2.09089 1.84305 3.09672
-2.06988 1.87881 3.20923
-2.04886 1.91289 3.31226
-2.02785 1.94477 3.40375
-2.00684 1.97373 3.48129
-1.98582 1.99892 3.54224
-1.96481 2.01941 3.58402
-1.94379 2.0344 3.60432
-1.92278 2.04323 3.60139
-1.90177 2.04549 3.57417
-1.88075 2.04098 3.52225
-1.85974 2.02969 3.44575
-1.83872 2.01171 3.34508
-1.81771 1.98712 3.22087
-1.7967 1.95602 3.07396
-1.77568 1.91843 2.90552
-1.75467 1.87441 2.71731
-1.73365 1.8241 2.51187
-1.71264 1.76781 2.29258
-1.69163 1.70609 2.06359
-1.67061 1.63976 1.82958
-1.6496 1.56986 1.59539
-1.62858 1.49762 1.36573
-1.60757 1.42429 1.14489
-1.58656 1.35111 0.936627
-1.56554 1.27916 0.744072
-1.54453 1.20937 0.569801
-1.52351 1.14248 0.4159
-1.5025 1.07905 0.284077
-1.48149 1.01954 0.17576
-1.46047 0.964316 0.0921789
-1.43946 0.913682 0.0344133
-1.41844 0.867927 0.00341438
-1.39743 0.827305 -0
-1.37642 0.792031 0.0248351
-1.3554 0.762269 0.0784111
-1.33439 0.738114 0.161035
-1.31337 0.719596 0.272836
-1.29236 0.706683 0.4138
-1.27135 0.69929 0.583815
-1.25033 0.697286 0.782727
-1.22932 0.700489 1.0104
-1.2083 0.708654 1.26676
-1.18729 0.721463 1.55181
-1.16628 0.738524 1.86561
-1.14526 0.759373 2.20828
-1.12425 0.783507 2.57991
-1.10323 0.810411 2.98057
-1.08222 0.839598 3.4102
-1.06121 0.870637 3.8686
-1.04019 0.90317 4.35542
-1.01918 0.936912 4.87012
-0.998165 0.971648 5.412
-0.977151 1.00721 5.98018
-0.956137 1.04349 6.57362
-0.935123 1.08038 7.19116
-0.914109 1.11783 7.8315
-0.893095 1.15579 8.49326
-0.872081 1.19427 9.175
-0.851067 1.2333 9.87527
-0.830053 1.27301 10.5927
-0.809039 1.31361 11.3258
-0.788025 1.35543 12.0736
-0.767011 1.39894 12.835
-0.745997 1.44469 13.609
-0.724983 1.49332 14.395
-0.703969 1.54546 15.1922
-0.682955 1.6017 15.9999
-0.661941 1.66248 16.8176
-0.640927 1.72807 17.6444
-0.619913 1.79851 18.4798
-0.598899 1.87359 19.3228
-0.577885 1.95283 20.1727
-0.556871 2.03557 21.0287
-0.535857 2.12093 21.8897
-0.514843 2.208 22.7547
-0.493829 2.2959 23.6225
-0.472815 2.38389 24.4914
-0.451801 2.47147 25.3598
-0.430787 2.5584 26.2253
-0.409773 2.64468 27.0852
-0.388759 2.7304 27.9364
-0.367745 2.81566 28.7755
-0.346731 2.90035 29.5985
-0.325717 2.9841 30.4017
-0.304703 3.06619 31.1811
-0.283689 3.14556 31.933
-0.262675 3.22095 32.6533
-0.241661 3.29104 33.3378
-0.220647 3.35457 33.9817
-0.199633 3.41055 34.58
-0.178619 3.45835 35.1268
-0.157605 3.49772 35.6165
-0.136591 3.52879 36.0435
-0.115577 3.55195 36.4023
-0.094563 3.56778 36.6879
-0.073549 3.57691 36.8956
-0.052535 3.57986 37.0211
-0.031521 3.57703 37.0613
-0.010507 3.56863 37.0145
0.010507 3.55469 36.8812
0.031521 3.53513 36.6642
0.052535 3.50984 36.3679
0.073549 3.4788 35.9983
0.094563 3.44218 35.5614
0.115577 3.40033 35.0626
0.136591 3.35374 34.5065
0.157605 3.30293 33.8969
0.178619 3.24833 33.2369
0.199633 3.19009 32.5298
0.220647 3.12806 31.7796
0.241661 3.06178 30.9915
0.262675 2.99063 30.1715
0.283689 2.91399 29.3261
0.304703 2.83149 28.4619
0.325717 2.74314 27.5849
0.346731 2.64938 26.7003
0.367745 2.55106 25.8121
0.388759 2.44928 24.9238
0.409773 2.34521 24.0382
0.430787 2.23987 23.1577
0.451801 2.1341 22.2846
0.472815 2.02846 21.4212
0.493829 1.92335 20.5697
0.514843 1.81902 19.7324
0.535857 1.71576 18.9115
0.556871 1.6139 18.1091
0.577885 1.51388 17.327
0.598899 1.41619 16.5672
0.619913 1.32136 15.8314
0.640927 1.22983 15.1212
0.661941 1.14193 14.438
0.682955 1.05784 13.7833
0.703969 0.977586 13.1583
0.724983 0.901088 12.5642
0.745997 0.828193 12.0019
0.767011 0.758757 11.4723
0.788025 0.692688 10.9762
0.809039 0.62998 10.5143
0.830053 0.570719 10.087
0.851067 0.515055 9.69497
0.872081 0.463159 9.33868
0.893095 0.415165 9.01863
0.914109 0.371125 8.73536
0.935123 0.33097 8.4894
0.956137 0.294506 8.28128
0.977151 0.261431 8.11154
0.998165 0.231377 7.98066
1.01918 0.203963 7.88911
1.04019 0.178861 7.83727
1.06121 0.155847 7.8255
1.08222 0.134849 7.85413
1.10323 0.115978 7.92345
1.12425 0.0995357 8.03378
1.14526 0.08601 8.18547
1.16628 0.0760456 8.37894
1.18729 0.0703983 8.61466
1.2083 0.0698744 8.89315
1.22932 0.0752621 9.21499
1.25033 0.0872682 9.58078
1.27135 0.106471 9.99107
1.29236 0.133299 10.4464
1.31337 0.168045 10.9472
1.33439 0.210903 11.4938
1.3554 0.262026 12.0863
1.37642 0.321584 12.7246
1.39743 0.389802 13.4087
1.41844 0.46698 14.1381
1.43946 0.553473 14.9121
1.46047 0.649658 15.7299
1.48149 0.755883 16.5908
1.5025 0.872417 17.4935
1.52351 0.999405 18.4371
1.54453 1.13684 19.4205
1.56554 1.2845 20.4427
1.58656 1.44196 21.5028
1.60757 1.60852 22.6
1.62858 1.78315 23.7339
1.6496 1.9645 24.9038
1.67061 2.15089 26.1094
1.69163 2.34037 27.3502
1.71264 2.53084 28.6257
1.73365 2.72019 29.9354
1.75467 2.90655 31.2782
1.77568 3.0884 32.6531
1.7967 3.26476 34.0585
1.81771 3.43517 35.4923
1.83872 3.59966 36.952
1.85974 3.75856 38.4345
1.88075 3.91237 39.936
1.90177 4.06155 41.4525
1.92278 4.20646 42.9796
1.94379 4.34726 44.5128
1.96481 4.48394 46.0473
1.98582 4.61633 47.5783
2.00684 4.74412 49.1003
2.02785 4.86685 50.6068
2.04886 4.98388 52.0891
2.06988 5.09435 53.5353
2.09089 5.1972 54.9298
2.11191 5.29122 56.2525
2.13292 5.37507 57.4781
2.15393 5.44741 58.5747
2.17495 5.50691 59.4988
2.19596 5.55226 60.1909
2.21698 5.58221 60.5774
2.23799 5.59559 60.5962
2.259 5.59136 60.2384
2.28002 5.5688 59.5615
2.30103 5.52774 58.6546
2.32205 5.46875 57.5969
2.34306 5.39317 56.4429
2.36407 5.30299 55.2253
2.38509 5.20051 53.9629
2.4061 5.08792 52.6673
2.42712 4.96696 51.3463
2.44813 4.83865 50.0061
2.46914 4.70332 48.6518
2.49016 4.56086 47.288
2.51117 4.411 45.9188
2.53219 4.25372 44.5477
2.5532 4.08948 43.1781
2.57421 3.9193 41.8128
2.59523 3.74469 40.4541
2.61624 3.56745 39.1042
2.63726 3.38944 37.7648
2.65827 3.2124 36.4376
2.67928 3.03787 35.1236
2.7003 2.86709 33.8241
2.72131 2.70108 32.5399
2.74233 2.54058 31.2719
2.76334 2.3861 30.021
2.78435 2.23792 28.788
2.80537 2.09612 27.5738
2.82638 1.96056 26.3793
2.8474 1.83095 25.2054
2.86841 1.7069 24.0534
2.88942 1.58798 22.9242
2.91044 1.47375 21.8193
2.93145 1.36383 20.7396
2.95247 1.25782 19.6866
2.97348 1.15538 18.6612
2.99449 1.05613 17.6644
3.01551 0.959732 16.6969
3.03652 0.865842 15.7594
3.05754 0.774219 14.852
3.07855 0.684774 13.975
3.09956 0.597636 13.1283
3.12058 0.513181 12.3118
3.14159 0.432033 11.5255
