# cv  sampled_prob  reweighted_prob # Neff/N= 0.134907
-100 1.35722e-30 1.83641e-29
-98.6622 1.3958e-28 1.89176e-27
-97.3244 1.17872e-26 1.60026e-25
-95.9866 8.1749e-25 1.11177e-23
-94.6488 4.65717e-23 6.34465e-22
-93.311 2.17983e-21 2.97484e-20
-91.9732 8.38484e-20 1.14626e-18
-90.6355 2.65137e-18 3.63071e-17
-89.2977 6.89458e-17 9.45647e-16
-87.9599 1.475e-15 2.02614e-14
-86.6221 2.59749e-14 3.57292e-13
-85.2843 3.76766e-13 5.18854e-12
-83.9465 4.50498e-12 6.20947e-11
-82.6087 4.44482e-11 6.1299e-10
-81.2709 3.62339e-10 4.99758e-09
-79.9331 2.44463e-09 3.37019e-08
-78.5953 1.36815e-08 1.88391e-07
-77.2575 6.37153e-08 8.75493e-07
-75.9197 2.4802e-07 3.39661e-06
-74.5819 8.12243e-07 1.10681e-05
-73.2441 2.25952e-06 3.05626e-05
-71.9064 5.41506e-06 7.24495e-05
-70.5686 1.14068e-05 0.000150169
-69.2308 2.16858e-05 0.000278859
-67.893 3.83532e-05 0.00047734
-66.5552 6.48713e-05 0.000774169
-65.2174 0.000106765 0.0012129
-63.8796 0.000171676 0.00184948
-62.5418 0.00026847 0.00273975
-61.204 0.000405853 0.00392409
-59.8662 0.000591496 0.00542104
-58.5284 0.000832217 0.00723563
-57.1906 0.00113421 0.00936984
-55.8528 0.00150163 0.0118144
-54.5151 0.00193399 0.0145217
-53.1773 0.00242523 0.0173928
-51.8395 0.00296703 0.0203064
-50.5017 0.00355387 0.0231673
-49.1639 0.00418467 0.0259224
-47.8261 0.00485884 0.028525
-46.4883 0.00557073 0.0308952
-45.1505 0.00630725 0.0329219
-43.8127 0.00704936 0.0344933
-42.4749 0.00777547 0.0355209
-41.1371 0.00846619 0.035955
-39.7993 0.00910846 0.0358003
-38.4615 0.00969587 0.0351153
-37.1237 0.0102247 0.0339801
-35.786 0.0106902 0.0324622
-34.4482 0.0110878 0.0306202
-33.1104 0.0114162 0.028536
-31.7726 0.011679 0.0263197
-30.4348 0.0118783 0.0240699
-29.097 0.0120104 0.0218315
-27.7592 0.0120695 0.019604
-26.4214 0.0120607 0.0173885
-25.0836 0.0120043 0.0152245
-23.7458 0.0119252 0.0131833
-22.408 0.0118338 0.0113311
-21.0702 0.0117217 0.00969732
-19.7324 0.0115766 0.00827129
-18.3946 0.0113998 0.00702166
-17.0569 0.0112066 0.00591969
-15.7191 0.0110128 0.00495072
-14.3813 0.0108218 0.00411084
-13.0435 0.0106248 0.00339561
-11.7057 0.01041 0.00279215
-10.3679 0.0101735 0.00228122
-9.0301 0.00992161 0.00184564
-7.69231 0.00966423 0.00147554
-6.35452 0.00940797 0.00116673
-5.01672 0.00915536 0.000915834
-3.67893 0.0089075 0.000716986
-2.34114 0.00866382 0.000561517
-1.00334 0.00842126 0.000439742
0.334448 0.00817813 0.000343269
1.67224 0.00793955 0.00026633
3.01003 0.00771644 0.000205445
4.34783 0.00751771 0.000158099
5.68562 0.00734333 0.000121779
7.02341 0.0071843 9.3916e-05
8.3612 0.00702777 7.23239e-05
9.699 0.0068621 5.54544e-05
11.0368 0.00667997 4.22811e-05
12.3746 0.00648086 3.20463e-05
13.7124 0.00627176 2.4126e-05
15.0502 0.00606383 1.80218e-05
16.388 0.00586631 1.336e-05
17.7258 0.00568262 9.84803e-06
19.0635 0.00551078 7.23219e-06
20.4013 0.00534705 5.29216e-06
21.7391 0.00519037 3.8528e-06
23.0769 0.00504437 2.78749e-06
24.4147 0.00491411 2.00731e-06
25.7525 0.00479988 1.44522e-06
27.0903 0.0046949 1.04538e-06
28.4281 0.00458994 7.61063e-07
29.7659 0.00448072 5.56539e-07
31.1037 0.00437101 4.07354e-07
32.4415 0.00426844 2.97631e-07
33.7793 0.00417691 2.16777e-07
35.1171 0.00409297 1.57308e-07
36.4548 0.00400967 1.13737e-07
37.7926 0.00392362 8.19581e-08
39.1304 0.00383806 5.88661e-08
40.4682 0.00375929 4.21277e-08
41.806 0.00369005 3.00248e-08
43.1438 0.00362615 2.13054e-08
44.4816 0.00356024 1.50502e-08
45.8194 0.00348923 1.05778e-08
47.1572 0.00341756 7.39059e-09
48.495 0.00335335 5.13286e-09
49.8328 0.00330231 3.54982e-09
51.1706 0.0032647 2.4526e-09
52.5084 0.00323637 1.69777e-09
53.8462 0.00321263 1.1785e-09
55.1839 0.00319154 8.19561e-10
56.5217 0.00317305 5.70585e-10
57.8595 0.00315509 3.97797e-10
59.1973 0.00313275 2.7753e-10
60.5351 0.00310271 1.9311e-10
61.8729 0.00306719 1.33413e-10
63.2107 0.00303185 9.13252e-11
64.5485 0.00300109 6.20668e-11
65.8863 0.00297619 4.20913e-11
67.2241 0.00295683 2.86451e-11
68.5619 0.00294227 1.96358e-11
69.8997 0.00293148 1.35558e-11
71.2375 0.00292311 9.38934e-12
72.5753 0.00291594 6.49261e-12
73.913 0.00290942 4.467e-12
75.2508 0.0029032 3.05678e-12
76.5886 0.00289537 2.08589e-12
77.9264 0.00288139 1.42504e-12
79.2642 0.00285649 9.7682e-13
80.602 0.00282008 6.70144e-13
81.9398 0.00277694 4.57255e-13
83.2776 0.00273346 3.08652e-13
84.6154 0.00269322 2.06123e-13
85.9532 0.00265636 1.36952e-13
87.291 0.00262093 9.11664e-14
88.6288 0.00258345 6.10215e-14
89.9666 0.00253974 4.10239e-14
91.3043 0.00248783 2.76054e-14
92.6421 0.00243025 1.85382e-14
93.9799 0.00237235 1.24093e-14
95.3177 0.00231806 8.2825e-15
96.6555 0.0022684 5.51744e-15
97.9933 0.00222407 3.67162e-15
99.3311 0.0021878 2.44237e-15
100.669 0.00216255 1.62601e-15
102.007 0.00214711 1.08635e-15
103.344 0.00213446 7.31245e-16
104.682 0.00211515 4.97153e-16
106.02 0.00208263 3.40679e-16
107.358 0.00203618 2.33684e-16
108.696 0.00197972 1.59086e-16
110.033 0.00191878 1.06813e-16
111.371 0.001858 7.06195e-17
112.709 0.00180028 4.61299e-17
114.047 0.00174664 2.99569e-17
115.385 0.00169604 1.94491e-17
116.722 0.0016456 1.26616e-17
118.06 0.00159254 8.27815e-18
119.398 0.0015367 5.44484e-18
120.736 0.00148142 3.60555e-18
122.074 0.00143127 2.39745e-18
123.411 0.00138847 1.59225e-18
124.749 0.00135089 1.05177e-18
126.087 0.00131347 6.90596e-19
127.425 0.00127197 4.51742e-19
128.763 0.00122595 2.95098e-19
130.1 0.00117887 1.92604e-19
131.438 0.00113548 1.2536e-19
132.776 0.00109813 8.11762e-20
134.114 0.00106463 5.23208e-20
135.452 0.00102997 3.37034e-20
136.789 0.000990765 2.17897e-20
138.127 0.000947522 1.41501e-20
139.465 0.000902627 9.21682e-21
140.803 0.000857378 6.01851e-21
142.14 0.000812184 3.94034e-21
143.478 0.000768974 2.58241e-21
144.816 0.000731527 1.68935e-21
146.154 0.000702616 1.10222e-21
147.492 0.000681437 7.19402e-22
148.829 0.000664301 4.7158e-22
150.167 0.000647487 3.10598e-22
151.505 0.00062923 2.04614e-22
152.843 0.000609552 1.34004e-22
154.181 0.000588883 8.70223e-23
155.518 0.000566829 5.6251e-23
156.856 0.000541982 3.64804e-23
158.194 0.0005131 2.38559e-23
159.532 0.000480748 1.56753e-23
160.87 0.00044764 1.02517e-23
162.207 0.000417239 6.62389e-24
163.545 0.000392201 4.23118e-24
164.883 0.000373791 2.69594e-24
166.221 0.000361679 1.73368e-24
167.559 0.000353601 1.132e-24
168.896 0.00034568 7.46456e-25
170.234 0.000333898 4.90311e-25
171.572 0.000315829 3.16425e-25
172.91 0.00029145 1.99059e-25
174.247 0.000262986 1.21912e-25
175.585 0.000234228 7.29332e-26
176.923 0.000209296 4.29516e-26
178.261 0.000190987 2.52885e-26
179.599 0.000179723 1.52585e-26
180.936 0.000173857 9.66863e-27
182.274 0.000170894 6.47479e-27
183.612 0.000168673 4.5061e-27
184.95 0.000165985 3.17632e-27
186.288 0.000162448 2.22156e-27
187.625 0.000157881 1.5213e-27
188.963 0.000151887 1.00946e-27
190.301 0.000144062 6.43337e-28
191.639 0.000134397 3.92888e-28
192.977 0.000123319 2.32669e-28
194.314 0.000111488 1.37166e-28
195.652 9.97055e-05 8.25044e-29
196.99 8.89429e-05 5.06814e-29
198.328 8.01794e-05 3.1131e-29
199.666 7.39444e-05 1.88072e-29
201.003 6.98983e-05 1.12721e-29
202.341 6.68643e-05 6.89603e-30
203.679 6.34071e-05 4.38694e-30
205.017 5.86104e-05 2.85839e-30
206.355 5.25236e-05 1.83757e-30
207.692 4.60328e-05 1.12794e-30
209.03 4.03739e-05 6.52658e-31
210.368 3.66375e-05 3.6112e-31
211.706 3.53997e-05 2.00245e-31
213.043 3.64496e-05 1.19469e-31
214.381 3.86914e-05 8.07784e-32
215.719 4.04707e-05 6.10557e-32
217.057 4.03483e-05 4.83566e-32
218.395 3.78021e-05 3.75919e-32
219.732 3.33023e-05 2.75899e-32
221.07 2.78572e-05 1.89174e-32
222.408 2.25332e-05 1.22463e-32
223.746 1.81832e-05 7.63142e-33
225.084 1.53123e-05 4.62726e-33
226.421 1.40023e-05 2.70173e-33
227.759 1.38903e-05 1.48358e-33
229.097 1.42902e-05 7.55816e-34
230.435 1.45322e-05 3.63317e-34
231.773 1.43382e-05 1.73763e-34
233.11 1.38873e-05 8.84243e-35
234.448 1.35211e-05 4.96521e-35
235.786 1.34065e-05 3.02812e-35
237.124 1.34105e-05 1.91231e-35
238.462 1.31769e-05 1.19556e-35
239.799 1.234e-05 7.2942e-36
241.137 1.08022e-05 4.43947e-36
242.475 8.858e-06 2.78936e-36
243.813 7.01036e-06 1.84602e-36
245.151 5.66597e-06 1.32521e-36
246.488 4.9896e-06 1.10879e-36
247.826 4.90769e-06 1.11436e-36
249.164 5.14156e-06 1.21193e-36
250.502 5.32598e-06 1.2426e-36
251.839 5.24158e-06 1.10766e-36
253.177 4.95096e-06 8.29636e-37
254.515 4.67409e-06 5.15837e-37
255.853 4.56041e-06 2.65578e-37
257.191 4.60718e-06 1.13596e-37
258.528 4.73405e-06 4.08143e-38
259.866 4.84742e-06 1.27037e-38
261.204 4.83614e-06 3.74662e-39
262.542 4.5946e-06 1.28067e-39
263.88 4.11034e-06 5.97708e-40
265.217 3.50357e-06 3.34005e-40
266.555 2.94186e-06 1.84399e-40
267.893 2.52664e-06 9.46957e-41
269.231 2.27478e-06 4.67147e-41
270.569 2.16948e-06 2.37689e-41
271.906 2.18038e-06 1.33546e-41
273.244 2.2447e-06 8.78552e-42
274.582 2.26999e-06 6.99072e-42
275.92 2.16884e-06 6.30834e-42
277.258 1.89553e-06 5.67657e-42
278.595 1.47261e-06 4.61744e-42
279.933 9.91705e-07 3.22737e-42
281.271 5.67522e-07 1.89326e-42
282.609 2.72146e-07 9.21739e-43
283.946 1.08371e-07 3.70314e-43
285.284 3.56385e-08 1.224e-43
286.622 9.64755e-09 3.32298e-44
287.96 2.14585e-09 7.40305e-45
289.298 3.91746e-10 1.35273e-45
290.635 5.86649e-11 2.02677e-46
291.973 7.20401e-12 2.48956e-47
293.311 7.25289e-13 2.50684e-48
294.649 5.9861e-14 2.06918e-49
295.987 4.04993e-15 1.39998e-50
297.324 2.24599e-16 7.76417e-52
298.662 1.02098e-17 3.52948e-53
300 3.80424e-19 1.31512e-54
