# cv  sampled_fes  reweighted_fes
-3.14159 0.995339 11.4982
-3.12058 0.908828 10.7402
-3.09956 0.826512 10.0124
-3.07855 0.748596 9.31472
-3.05754 0.675605 8.64698
-3.03652 0.608335 8.00914
-3.01551 0.547789 7.40112
-2.99449 0.49508 6.8228
-2.97348 0.451334 6.2741
-2.95247 0.417605 5.75487
-2.93145 0.39478 5.26493
-2.91044 0.383514 4.80403
-2.88942 0.384163 4.37188
-2.86841 0.396746 3.96811
-2.8474 0.420914 3.59234
-2.82638 0.455951 3.24417
-2.80537 0.500811 2.9232
-2.78435 0.554183 2.62905
-2.76334 0.614585 2.36137
-2.74233 0.680488 2.11986
-2.72131 0.750429 1.90418
-2.7003 0.823117 1.71401
-2.67928 0.897494 1.54895
-2.65827 0.972749 1.40847
-2.63726 1.04829 1.29191
-2.61624 1.12367 1.19841
-2.59523 1.19853 1.12694
-2.57421 1.27254 1.0763
-2.5532 1.34536 1.0452
-2.53219 1.4167 1.03229
-2.51117 1.48637 1.03628
-2.49016 1.55432 1.05601
-2.46914 1.62072 1.09046
-2.44813 1.68592 1.13876
-2.42712 1.75044 1.20019
-2.4061 1.81488 1.2741
-2.38509 1.87983 1.35982
-2.36407 1.94578 1.45667
-2.34306 2.01308 1.56381
-2.32205 2.08192 1.6803
-2.30103 2.1523 1.80505
-2.28002 2.22406 1.93681
-2.259 2.29688 2.07417
-2.23799 2.3703 2.2156
-2.21698 2.44373 2.35938
-2.19596 2.5165 2.50371
-2.17495 2.58792 2.64669
-2.15393 2.65731 2.78641
-2.13292 2.72412 2.92102
-2.11191 2.78795 3.04884
-2.09089 2.84857 3.16838
-2.06988 2.90584 3.2783
-2.04886 2.95962 3.37737
-2.02785 3.00969 3.46434
-2.00684 3.05559 3.53784
-1.98582 3.09667 3.59632
-1.96481 3.13199 3.63806
-1.94379 3.16046 3.66123
-1.92278 3.18086 3.66396
-1.90177 3.19188 3.64451
-1.88075 3.19219 3.60129
-1.85974 3.18044 3.53303
-1.83872 3.15532 3.43892
-1.81771 3.11566 3.31872
-1.7967 3.06057 3.17299
-1.77568 2.9896 3.00324
-1.75467 2.90297 2.81195
-1.73365 2.80158 2.60251
-1.71264 2.68708 2.37903
-1.69163 2.56171 2.14605
-1.67061 2.42813 1.9083
-1.6496 2.28918 1.6704
-1.62858 2.14773 1.43671
-1.60757 2.0065 1.21124
-1.58656 1.86795 0.997606
-1.56554 1.73423 0.798954
-1.54453 1.60712 0.618021
-1.52351 1.48804 0.457127
-1.5025 1.37802 0.318213
-1.48149 1.27778 0.202877
-1.46047 1.18769 0.112424
-1.43946 1.1079 0.0479114
-1.41844 1.03836 0.0102015
-1.39743 0.978869 -0
-1.37642 0.929172 0.0178925
-1.3554 0.888973 0.0643715
-1.33439 0.857968 0.139855
-1.31337 0.835862 0.244702
-1.29236 0.822361 0.379216
-1.27135 0.817157 0.543649
-1.25033 0.819915 0.738195
-1.22932 0.830249 0.96298
-1.2083 0.847727 1.21805
-1.18729 0.871868 1.50336
-1.16628 0.902169 1.81874
-1.14526 0.93812 2.16394
-1.12425 0.979221 2.5386
-1.10323 1.02498 2.94225
-1.08222 1.07488 3.37438
-1.06121 1.12838 3.83444
-1.04019 1.18483 4.32184
-1.01918 1.24351 4.83595
-0.998165 1.30363 5.37615
-0.977151 1.36441 5.94171
-0.956137 1.42516 6.53185
-0.935123 1.48546 7.14563
-0.914109 1.54518 7.78197
-0.893095 1.60462 8.43964
-0.872081 1.66445 9.11728
-0.851067 1.72567 9.81346
-0.830053 1.78946 10.5267
-0.809039 1.85709 11.2558
-0.788025 1.92976 11.9995
-0.767011 2.0085 12.7569
-0.745997 2.09412 13.5275
-0.724983 2.18713 14.3108
-0.703969 2.28776 15.1065
-0.682955 2.39597 15.9146
-0.661941 2.51146 16.7348
-0.640927 2.63377 17.5668
-0.619913 2.76229 18.41
-0.598899 2.89642 19.2638
-0.577885 3.03553 20.1269
-0.556871 3.17914 20.9979
-0.535857 3.32684 21.8749
-0.514843 3.47835 22.7559
-0.493829 3.63349 23.6386
-0.472815 3.79213 24.5202
-0.451801 3.95416 25.3981
-0.430787 4.11938 26.2696
-0.409773 4.28745 27.1318
-0.388759 4.45784 27.982
-0.367745 4.62967 28.8176
-0.346731 4.80172 29.6358
-0.325717 4.97238 30.4336
-0.304703 5.13971 31.208
-0.283689 5.30154 31.9553
-0.262675 5.45568 32.6714
-0.241661 5.60008 33.3515
-0.220647 5.73304 33.9898
-0.199633 5.85329 34.5806
-0.178619 5.95995 35.1176
-0.157605 6.05246 35.5948
-0.136591 6.13044 36.0069
-0.115577 6.19361 36.3493
-0.094563 6.24168 36.6183
-0.073549 6.27449 36.811
-0.052535 6.29203 36.9256
-0.031521 6.29458 36.9611
-0.010507 6.28268 36.9173
0.010507 6.25709 36.7945
0.031521 6.21861 36.5935
0.052535 6.16789 36.315
0.073549 6.10527 35.96
0.094563 6.03067 35.5304
0.115577 5.94361 35.0287
0.136591 5.84338 34.4593
0.157605 5.72925 33.8278
0.178619 5.60073 33.1411
0.199633 5.4578 32.4066
0.220647 5.30099 31.6319
0.241661 5.13147 30.8242
0.262675 4.95083 29.9901
0.283689 4.76103 29.1356
0.304703 4.56412 28.2658
0.325717 4.36219 27.3854
0.346731 4.15722 26.4984
0.367745 3.95104 25.6083
0.388759 3.74532 24.7183
0.409773 3.54149 23.8313
0.430787 3.34081 22.9499
0.451801 3.1443 22.0768
0.472815 2.95277 21.2143
0.493829 2.76687 20.3648
0.514843 2.58708 19.5305
0.535857 2.41379 18.7134
0.556871 2.24733 17.9153
0.577885 2.08795 17.1381
0.598899 1.9359 16.3832
0.619913 1.79138 15.6519
0.640927 1.65452 14.9454
0.661941 1.52535 14.2647
0.682955 1.40378 13.6108
0.703969 1.28956 12.9846
0.724983 1.18225 12.3868
0.745997 1.08129 11.8185
0.767011 0.985985 11.2807
0.788025 0.895611 10.7745
0.809039 0.809509 10.3009
0.830053 0.727174 9.86127
0.851067 0.648326 9.45672
0.872081 0.572941 9.08841
0.893095 0.501231 8.7574
0.914109 0.433572 8.46461
0.935123 0.370408 8.21082
0.956137 0.312139 7.99667
0.977151 0.259038 7.82266
0.998165 0.211202 7.68914
1.01918 0.168561 7.59639
1.04019 0.130915 7.5446
1.06121 0.0980241 7.53395
1.08222 0.0696874 7.56459
1.10323 0.0458281 7.6367
1.12425 0.0265448 7.75052
1.14526 0.0121319 7.90629
1.16628 0.00307047 8.10432
1.18729 -0 8.34496
1.2083 0.00368441 8.62854
1.22932 0.0149839 8.95541
1.25033 0.0348379 9.32588
1.27135 0.0642568 9.74022
1.29236 0.104318 10.1986
1.31337 0.156156 10.7013
1.33439 0.220942 11.2482
1.3554 0.299861 11.8393
1.37642 0.39407 12.4747
1.39743 0.504673 13.1541
1.41844 0.632704 13.8774
1.43946 0.779121 14.6445
1.46047 0.944822 15.455
1.48149 1.13067 16.3088
1.5025 1.33752 17.2055
1.52351 1.56625 18.1447
1.54453 1.81774 19.126
1.56554 2.09286 20.1488
1.58656 2.39245 21.2123
1.60757 2.71726 22.3158
1.62858 3.06781 23.4583
1.6496 3.4444 24.6386
1.67061 3.84697 25.8557
1.69163 4.27502 27.1083
1.71264 4.72762 28.3953
1.73365 5.20332 29.7154
1.75467 5.70022 31.0674
1.77568 6.21604 32.4502
1.7967 6.74824 33.8624
1.81771 7.29418 35.3027
1.83872 7.85131 36.7696
1.85974 8.41732 38.2612
1.88075 8.99011 39.7751
1.90177 9.56771 41.3083
1.92278 10.1479 42.8573
1.94379 10.728 44.4176
1.96481 11.3042 45.9837
1.98582 11.8713 47.5496
2.00684 12.4231 49.1081
2.02785 12.9524 50.6513
2.04886 13.4524 52.1701
2.06988 13.9166 53.6537
2.09089 14.3398 55.088
2.11191 14.7165 56.4543
2.13292 15.0407 57.7263
2.15393 15.3038 58.8667
2.17495 15.4957 59.8239
2.19596 15.6062 60.5319
2.21698 15.6282 60.9223
2.23799 15.5602 60.9509
2.259 15.4067 60.6238
2.28002 15.1761 59.9942
2.30103 14.8781 59.1345
2.32205 14.5219 58.1097
2.34306 14.1155 56.969
2.36407 13.6666 55.7461
2.38509 13.1828 54.4638
2.4061 12.6721 53.1376
2.42712 12.1424 51.7788
2.44813 11.6013 50.3959
2.46914 11.0551 48.9962
2.49016 10.5089 47.5861
2.51117 9.9664 46.171
2.53219 9.43007 44.756
2.5532 8.90173 43.3453
2.57421 8.38273 41.9423
2.59523 7.87436 40.5499
2.61624 7.37802 39.1702
2.63726 6.89529 37.8051
2.65827 6.42789 36.4557
2.67928 5.97763 35.1232
2.7003 5.54622 33.8083
2.72131 5.13517 32.5118
2.74233 4.74573 31.2343
2.76334 4.3788 29.9765
2.78435 4.03491 28.739
2.80537 3.71425 27.5223
2.82638 3.41668 26.3273
2.8474 3.14176 25.1548
2.86841 2.88876 24.0054
2.88942 2.65674 22.8801
2.91044 2.44455 21.7795
2.93145 2.25086 20.7046
2.95247 2.07421 19.6561
2.97348 1.91302 18.6346
2.99449 1.76568 17.6408
3.01551 1.63054 16.6753
3.03652 1.50602 15.7385
3.05754 1.39062 14.8308
3.07855 1.28294 13.9528
3.09956 1.1818 13.1045
3.12058 1.08618 12.2863
3.14159 0.995339 11.4982
