# cv  sampled_prob  reweighted_prob # Neff/N= 0.336557
-100 6.42963e-25 2.43855e-24
-98.6622 3.50277e-23 1.32806e-22
-97.3244 1.56488e-21 5.93068e-21
-95.9866 5.734e-20 2.17197e-19
-94.6488 1.72359e-18 6.5244e-18
-93.311 4.2514e-17 1.60795e-16
-91.9732 8.60835e-16 3.2524e-15
-90.6355 1.43165e-14 5.40191e-14
-89.2977 1.95711e-13 7.37247e-13
-87.9599 2.20157e-12 8.27656e-12
-86.6221 2.04115e-11 7.65444e-11
-85.2843 1.5633e-10 5.84479e-10
-83.9465 9.92433e-10 3.69693e-09
-82.6087 5.24815e-09 1.94638e-08
-81.2709 2.32873e-08 8.58991e-08
-79.9331 8.76216e-08 3.20998e-07
-78.5953 2.83727e-07 1.02992e-06
-77.2575 8.06295e-07 2.88896e-06
-75.9197 2.05892e-06 7.23944e-06
-74.5819 4.84141e-06 1.65822e-05
-73.2441 1.06985e-05 3.54466e-05
-71.9064 2.24874e-05 7.18014e-05
-70.5686 4.51289e-05 0.000138969
-69.2308 8.6385e-05 0.000257581
-67.893 0.000157469 0.000456754
-66.5552 0.000273368 0.000773808
-65.2174 0.000452847 0.00125258
-63.8796 0.000718126 0.0019408
-62.5418 0.00109402 0.00288611
-61.204 0.00160628 0.00412972
-59.8662 0.0022792 0.00569762
-58.5284 0.00313296 0.00759285
-57.1906 0.00418144 0.00979319
-55.8528 0.00542972 0.0122548
-54.5151 0.00687145 0.0149182
-53.1773 0.00848818 0.0177136
-51.8395 0.0102536 0.0205675
-50.5017 0.0121408 0.0234068
-49.1639 0.0141255 0.0261595
-47.8261 0.0161797 0.0287495
-46.4883 0.0182614 0.0310917
-45.1505 0.020306 0.0330883
-43.8127 0.022231 0.0346304
-42.4749 0.0239524 0.0356172
-41.1371 0.0254056 0.0359914
-39.7993 0.0265538 0.0357595
-38.4615 0.027381 0.0349786
-37.1237 0.027883 0.0337241
-35.786 0.0280698 0.0320749
-34.4482 0.0279734 0.0301249
-33.1104 0.0276458 0.0279925
-31.7726 0.0271405 0.0257981
-30.4348 0.0264904 0.0236219
-29.097 0.0257006 0.0214847
-27.7592 0.0247636 0.019372
-26.4214 0.0236854 0.0172781
-25.0836 0.0224978 0.0152286
-23.7458 0.0212458 0.0132695
-22.408 0.019964 0.0114414
-21.0702 0.0186679 0.00976583
-19.7324 0.0173662 0.00825061
-18.3946 0.0160754 0.00690057
-17.0569 0.0148193 0.00572181
-15.7191 0.0136179 0.00471822
-14.3813 0.0124792 0.00388466
-13.0435 0.0114015 0.00320228
-11.7057 0.0103792 0.00264071
-10.3679 0.0094082 0.00216851
-9.0301 0.00848761 0.00176495
-7.69231 0.00762043 0.00142314
-6.35452 0.00681218 0.00114232
-5.01672 0.00606827 0.000918153
-3.67893 0.00539122 0.000740212
-2.34114 0.00477829 0.000596558
-1.00334 0.00422098 0.000478718
0.334448 0.00370853 0.000382597
1.67224 0.0032343 0.000306159
3.01003 0.00279919 0.000246635
4.34783 0.00240875 0.000199505
5.68562 0.00206723 0.000159962
7.02341 0.0017738 0.000125294
8.3612 0.00152267 9.55045e-05
9.699 0.00130557 7.15139e-05
11.0368 0.00111465 5.32027e-05
12.3746 0.000944811 3.92659e-05
13.7124 0.00079382 2.83031e-05
15.0502 0.000660668 1.95366e-05
16.388 0.000544124 1.27089e-05
17.7258 0.000442937 7.70965e-06
19.0635 0.000356696 4.35219e-06
20.4013 0.000285715 2.34836e-06
21.7391 0.000229758 1.40755e-06
23.0769 0.000186862 1.34654e-06
24.4147 0.000153521 2.07545e-06
25.7525 0.000126203 3.41451e-06
27.0903 0.000102848 4.89611e-06
28.4281 8.29867e-05 5.83131e-06
29.7659 6.6761e-05 5.71183e-06
31.1037 5.40356e-05 4.5926e-06
32.4415 4.42001e-05 3.03164e-06
33.7793 3.63607e-05 1.64506e-06
35.1171 2.96261e-05 7.3591e-07
36.4548 2.34366e-05 2.73007e-07
37.7926 1.778e-05 8.49736e-08
39.1304 1.3082e-05 2.2678e-08
40.4682 9.82532e-06 5.40257e-09
41.806 8.18163e-06 1.2672e-09
43.1438 7.85271e-06 4.05762e-10
44.4816 8.14379e-06 2.6531e-10
45.8194 8.24518e-06 2.44439e-10
47.1572 7.6184e-06 2.10415e-10
48.495 6.23442e-06 1.52219e-10
49.8328 4.47472e-06 9.09326e-11
51.1706 2.81045e-06 4.48147e-11
52.5084 1.5414e-06 1.82831e-11
53.8462 7.34392e-07 6.21439e-12
55.1839 3.01399e-07 1.77756e-12
56.5217 1.05484e-07 4.33929e-13
57.8595 3.11753e-08 9.19227e-14
59.1973 7.71661e-09 1.71524e-14
60.5351 1.58948e-09 2.83904e-15
61.8729 2.71188e-10 4.1495e-16
63.2107 3.81991e-11 5.2827e-17
64.5485 4.43221e-12 5.76057e-18
65.8863 4.22962e-13 5.30122e-19
67.2241 3.3162e-14 4.07214e-20
68.5619 2.13466e-15 2.59211e-21
69.8997 1.12759e-16 1.36116e-22
71.2375 4.88606e-18 5.88052e-24
72.5753 1.73641e-19 2.08684e-25
73.913 5.06009e-21 6.07761e-27
75.2508 1.20901e-22 1.45184e-28
76.5886 2.36825e-24 2.84392e-30
77.9264 3.80301e-26 4.56723e-32
79.2642 5.00627e-28 6.0129e-34
80.602 5.40222e-30 6.48913e-36
81.9398 4.77852e-32 5.74046e-38
83.2776 3.46474e-34 4.16251e-40
84.6154 2.05921e-36 2.47406e-42
85.9532 1.00318e-38 1.20533e-44
87.291 4.00589e-41 4.81331e-47
88.6288 1.31119e-43 1.57551e-49
89.9666 3.51782e-46 4.22705e-52
91.3043 7.73611e-49 9.29594e-55
92.6421 1.39448e-51 1.67567e-57
93.9799 2.06036e-54 2.47583e-60
95.3177 2.49524e-57 2.99843e-63
96.6555 2.47697e-60 2.97649e-66
97.9933 2.01544e-63 2.42189e-69
99.3311 1.34418e-66 1.61526e-72
100.669 7.34823e-70 8.83018e-76
102.007 3.29267e-73 3.95672e-79
103.344 1.20935e-76 1.45325e-82
104.682 3.64078e-80 4.37505e-86
106.02 8.98413e-84 1.0796e-89
107.358 1.81717e-87 2.18366e-93
108.696 3.01269e-91 3.62029e-97
110.033 4.09404e-95 4.91973e-101
111.371 4.56025e-99 5.47996e-105
112.709 4.16355e-103 5.00325e-109
114.047 3.11585e-107 3.74426e-113
115.385 1.9113e-111 2.29677e-117
116.722 9.60993e-116 1.15481e-121
118.06 3.9605e-120 4.75925e-126
119.398 1.33788e-124 1.60771e-130
120.736 3.70446e-129 4.45157e-135
122.074 8.40756e-134 1.01032e-139
123.411 1.56406e-138 1.8795e-144
124.749 2.38494e-143 2.86593e-149
126.087 2.98084e-148 3.58201e-154
127.425 3.05379e-153 3.66967e-159
128.763 2.56435e-158 3.08153e-164
130.1 1.76504e-163 2.12101e-169
131.438 9.95797e-169 1.19663e-174
132.776 4.60496e-174 5.53368e-180
134.114 1.7455e-179 2.09753e-185
135.452 5.42314e-185 6.51688e-191
136.789 1.38109e-190 1.65963e-196
138.127 2.88291e-196 3.46433e-202
139.465 4.93263e-202 5.92745e-208
140.803 6.91776e-208 8.31293e-214
142.14 7.95226e-214 9.55608e-220
143.478 7.49298e-220 9.00417e-226
144.816 5.78705e-226 6.95418e-232
146.154 3.66352e-232 4.40238e-238
147.492 1.90098e-238 2.28437e-244
148.829 8.08532e-245 9.71596e-251
150.167 2.81873e-251 3.38722e-257
151.505 8.05471e-258 9.67919e-264
152.843 1.88662e-264 2.26711e-270
154.181 3.62208e-271 4.35258e-277
155.518 5.69993e-278 6.84949e-284
156.856 7.35224e-285 8.83504e-291
158.194 7.77336e-292 9.3411e-298
159.532 6.73654e-299 8.09516e-305
160.87 4.78523e-306 5.75032e-312
162.207 2.78617e-313 3.34809e-319
163.545 1.32953e-320 0
164.883 0 0
166.221 0 0
167.559 0 0
168.896 0 0
170.234 0 0
171.572 0 0
172.91 0 0
174.247 0 0
175.585 0 0
176.923 0 0
178.261 0 0
179.599 0 0
180.936 0 0
182.274 0 0
183.612 0 0
184.95 0 0
186.288 0 0
187.625 0 0
188.963 0 0
190.301 0 0
191.639 0 0
192.977 0 0
194.314 0 0
195.652 0 0
196.99 0 0
198.328 0 0
199.666 0 0
201.003 0 0
202.341 0 0
203.679 0 0
205.017 0 0
206.355 0 0
207.692 0 0
209.03 0 0
210.368 0 0
211.706 0 0
213.043 0 0
214.381 0 0
215.719 0 0
217.057 0 0
218.395 0 0
219.732 0 0
221.07 0 0
222.408 0 0
223.746 0 0
225.084 0 0
226.421 0 0
227.759 0 0
229.097 0 0
230.435 0 0
231.773 0 0
233.11 0 0
234.448 0 0
235.786 0 0
237.124 0 0
238.462 0 0
239.799 0 0
241.137 0 0
242.475 0 0
243.813 0 0
245.151 0 0
246.488 0 0
247.826 0 0
249.164 0 0
250.502 0 0
251.839 0 0
253.177 0 0
254.515 0 0
255.853 0 0
257.191 0 0
258.528 0 0
259.866 0 0
261.204 0 0
262.542 0 0
263.88 0 0
265.217 0 0
266.555 0 0
267.893 0 0
269.231 0 0
270.569 0 0
271.906 0 0
273.244 0 0
274.582 0 0
275.92 0 0
277.258 0 0
278.595 0 0
279.933 0 0
281.271 0 0
282.609 0 0
283.946 0 0
285.284 0 0
286.622 0 0
287.96 0 0
289.298 0 0
290.635 0 0
291.973 0 0
293.311 0 0
294.649 0 0
295.987 0 0
297.324 0 0
298.662 0 0
300 0 0
