# cv  sampled_prob  reweighted_prob # Neff/N= 0.366915
-100 1.9024e-24 5.35209e-24
-98.6622 9.83285e-23 2.76947e-22
-97.3244 4.16818e-21 1.17574e-20
-95.9866 1.44938e-19 4.09637e-19
-94.6488 4.13512e-18 1.17171e-17
-93.311 9.68274e-17 2.75288e-16
-91.9732 1.86162e-15 5.31593e-15
-90.6355 2.94037e-14 8.44424e-14
-89.2977 3.81805e-13 1.10459e-12
-87.9599 4.07974e-12 1.19153e-11
-86.6221 3.59206e-11 1.06186e-10
-85.2843 2.61079e-10 7.8365e-10
-83.9465 1.57056e-09 4.80423e-09
-82.6087 7.85008e-09 2.457e-08
-81.2709 3.27964e-08 1.05438e-07
-79.9331 1.15617e-07 3.82835e-07
-78.5953 3.49156e-07 1.19045e-06
-77.2575 9.24427e-07 3.22625e-06
-75.9197 2.215e-06 7.80417e-06
-74.5819 4.97337e-06 1.73326e-05
-73.2441 1.07336e-05 3.62836e-05
-71.9064 2.24146e-05 7.27557e-05
-70.5686 4.49609e-05 0.000140254
-69.2308 8.58967e-05 0.000259074
-67.893 0.00015586 0.000456923
-66.5552 0.000269028 0.000768227
-65.2174 0.000442971 0.00123127
-63.8796 0.00069806 0.00188443
-62.5418 0.00105776 0.00276604
-61.204 0.00155015 0.00391985
-59.8662 0.00220737 0.00539707
-58.5284 0.00305896 0.00724269
-57.1906 0.00412096 0.00946854
-55.8528 0.00538899 0.0120346
-54.5151 0.00684153 0.0148572
-53.1773 0.00844901 0.017834
-51.8395 0.0101784 0.0208597
-50.5017 0.0119899 0.0238214
-49.1639 0.0138337 0.0265973
-47.8261 0.0156539 0.0290764
-46.4883 0.0173993 0.0311865
-45.1505 0.0190304 0.0328977
-43.8127 0.0205153 0.0341964
-42.4749 0.0218211 0.0350596
-41.1371 0.0229133 0.035457
-39.7993 0.023763 0.0353727
-38.4615 0.0243566 0.0348187
-37.1237 0.0246958 0.0338289
-35.786 0.0247899 0.0324435
-34.4482 0.0246495 0.0307044
-33.1104 0.0242878 0.0286654
-31.7726 0.0237238 0.026406
-30.4348 0.0229844 0.0240284
-29.097 0.0221062 0.0216367
-27.7592 0.0211387 0.0193124
-26.4214 0.0201389 0.0171033
-25.0836 0.0191537 0.0150284
-23.7458 0.0182082 0.0130907
-22.408 0.0173125 0.0112904
-21.0702 0.016476 0.0096371
-19.7324 0.0157081 0.00815448
-18.3946 0.0150066 0.00686731
-17.0569 0.0143517 0.00577892
-15.7191 0.013716 0.00486194
-14.3813 0.0130793 0.00407394
-13.0435 0.0124355 0.00338148
-11.7057 0.0117889 0.0027708
-10.3679 0.0111461 0.00224151
-9.0301 0.010512 0.00179543
-7.69231 0.00989126 0.00142967
-6.35452 0.00928891 0.00113498
-5.01672 0.0087081 0.000898159
-3.67893 0.00814692 0.000706812
-2.34114 0.00760003 0.000552791
-1.00334 0.00706351 0.000431512
0.334448 0.00653805 0.000338537
1.67224 0.00602713 0.000267395
3.01003 0.00553341 0.000210748
4.34783 0.00505864 0.000163288
5.68562 0.00460702 0.000123315
7.02341 0.00418566 9.16642e-05
8.3612 0.00379963 6.91993e-05
9.699 0.00344738 5.49338e-05
11.0368 0.00312156 4.59444e-05
12.3746 0.00281369 3.88484e-05
13.7124 0.00251837 3.15584e-05
15.0502 0.00223536 2.38958e-05
16.388 0.00196891 1.67659e-05
17.7258 0.00172403 1.09643e-05
19.0635 0.00150258 6.69891e-06
20.4013 0.00130294 3.80351e-06
21.7391 0.00112332 2.01549e-06
23.0769 0.000964502 1.04559e-06
24.4147 0.00082829 5.86848e-07
25.7525 0.000713469 3.7558e-07
27.0903 0.000614568 2.51682e-07
28.4281 0.000525461 1.56411e-07
29.7659 0.000443608 8.42952e-08
31.1037 0.000370264 3.87534e-08
32.4415 0.000307277 1.55802e-08
33.7793 0.000254395 5.93929e-09
35.1171 0.000209342 2.44902e-09
36.4548 0.000169741 1.16706e-09
37.7926 0.000134674 5.95988e-10
39.1304 0.00010467 3.01917e-10
40.4682 8.05599e-05 1.58509e-10
41.806 6.24106e-05 1.01006e-10
43.1438 4.92227e-05 8.30808e-11
44.4816 3.93681e-05 7.56935e-11
45.8194 3.13759e-05 6.57235e-11
47.1572 2.45043e-05 5.13015e-11
48.495 1.87185e-05 3.5743e-11
49.8328 1.42301e-05 2.2466e-11
51.1706 1.10874e-05 1.28582e-11
52.5084 9.05953e-06 6.68275e-12
53.8462 7.70609e-06 3.11155e-12
55.1839 6.52678e-06 1.28304e-12
56.5217 5.18419e-06 4.72966e-13
57.8595 3.67216e-06 1.63986e-13
59.1973 2.24934e-06 5.83899e-14
60.5351 1.19042e-06 2.24027e-14
61.8729 6.03526e-07 8.81941e-15
63.2107 4.38433e-07 3.46614e-15
64.5485 5.79518e-07 1.72326e-15
65.8863 8.87676e-07 1.53782e-15
67.2241 1.1937e-06 1.81679e-15
68.5619 1.32987e-06 1.97986e-15
69.8997 1.21633e-06 1.80451e-15
71.2375 9.12091e-07 1.35241e-15
72.5753 5.60633e-07 8.31211e-16
73.913 2.82462e-07 4.18781e-16
75.2508 1.16649e-07 1.72944e-16
76.5886 3.94856e-08 5.85416e-17
77.9264 1.09556e-08 1.62429e-17
79.2642 2.49157e-09 3.69402e-18
80.602 4.6446e-10 6.88611e-19
81.9398 7.09679e-11 1.05217e-19
83.2776 8.8882e-12 1.31777e-20
84.6154 9.12441e-13 1.35279e-21
85.9532 7.67776e-14 1.13831e-22
87.291 5.29545e-15 7.85106e-24
88.6288 2.99371e-16 4.43849e-25
89.9666 1.38725e-17 2.05675e-26
91.3043 5.26914e-19 7.81205e-28
92.6421 1.64045e-20 2.43214e-29
93.9799 4.18624e-22 6.20654e-31
95.3177 8.75637e-24 1.29822e-32
96.6555 1.50128e-25 2.22581e-34
97.9933 2.10979e-27 3.12799e-36
99.3311 2.43028e-29 3.60315e-38
100.669 2.29462e-31 3.40202e-40
102.007 1.77584e-33 2.63288e-42
103.344 1.12651e-35 1.67018e-44
104.682 5.85743e-38 8.68426e-47
106.02 2.49641e-40 3.7012e-49
107.358 8.72097e-43 1.29298e-51
108.696 2.49719e-45 3.70235e-54
110.033 5.86107e-48 8.68965e-57
111.371 1.12756e-50 1.67173e-59
112.709 1.77805e-53 2.63614e-62
114.047 2.29818e-56 3.4073e-65
115.385 2.43481e-59 3.60986e-68
116.722 2.11438e-62 3.13479e-71
118.06 1.50501e-65 2.23134e-74
119.398 8.78085e-69 1.30185e-77
120.736 4.19924e-72 6.22582e-81
122.074 1.64605e-75 2.44045e-84
123.411 5.28879e-79 7.84119e-88
124.749 1.39286e-82 2.06506e-91
126.087 3.00674e-86 4.45781e-95
127.425 5.32015e-90 7.88768e-99
128.763 7.71596e-94 1.14397e-102
130.1 9.17266e-98 1.35994e-106
131.438 8.93797e-102 1.32515e-110
132.776 7.13874e-106 1.05839e-114
134.114 4.6735e-110 6.92896e-119
135.452 2.50785e-114 3.71816e-123
136.789 1.10306e-118 1.63541e-127
138.127 3.97684e-123 5.89608e-132
139.465 1.1752e-127 1.74237e-136
140.803 2.84661e-132 4.2204e-141
142.14 5.65172e-137 8.37928e-146
143.478 9.19756e-142 1.36364e-150
144.816 1.22688e-146 1.81898e-155
146.154 1.34144e-151 1.98883e-160
147.492 1.20221e-156 1.7824e-165
148.829 8.83132e-162 1.30934e-170
150.167 5.31754e-167 7.88381e-176
151.505 2.62443e-172 3.89099e-181
152.843 1.06169e-177 1.57406e-186
154.181 3.52044e-183 5.21943e-192
155.518 9.56835e-189 1.41861e-197
156.856 2.13165e-194 3.16039e-203
158.194 3.89253e-200 5.77109e-209
159.532 5.82623e-206 8.638e-215
160.87 7.14795e-212 1.05976e-220
162.207 7.18811e-218 1.06571e-226
163.545 5.92497e-224 8.78439e-233
164.883 4.0031e-230 5.93501e-239
166.221 2.21689e-236 3.28678e-245
167.559 1.00631e-242 1.49196e-251
168.896 3.74419e-249 5.55116e-258
170.234 1.14189e-255 1.69297e-264
171.572 2.85448e-262 4.23206e-271
172.91 5.84882e-269 8.6715e-278
174.247 9.82311e-276 1.45638e-284
175.585 1.35229e-282 2.00491e-291
176.923 1.5259e-289 2.26231e-298
178.261 1.41131e-296 2.09242e-305
179.599 1.06994e-303 1.5863e-312
180.936 6.64863e-311 9.8571e-320
182.274 3.38645e-318 0
183.612 0 0
184.95 0 0
186.288 0 0
187.625 0 0
188.963 0 0
190.301 0 0
191.639 0 0
192.977 0 0
194.314 0 0
195.652 0 0
196.99 0 0
198.328 0 0
199.666 0 0
201.003 0 0
202.341 0 0
203.679 0 0
205.017 0 0
206.355 0 0
207.692 0 0
209.03 0 0
210.368 0 0
211.706 0 0
213.043 0 0
214.381 0 0
215.719 0 0
217.057 0 0
218.395 0 0
219.732 0 0
221.07 0 0
222.408 0 0
223.746 0 0
225.084 0 0
226.421 0 0
227.759 0 0
229.097 0 0
230.435 0 0
231.773 0 0
233.11 0 0
234.448 0 0
235.786 0 0
237.124 0 0
238.462 0 0
239.799 0 0
241.137 0 0
242.475 0 0
243.813 0 0
245.151 0 0
246.488 0 0
247.826 0 0
249.164 0 0
250.502 0 0
251.839 0 0
253.177 0 0
254.515 0 0
255.853 0 0
257.191 0 0
258.528 0 0
259.866 0 0
261.204 0 0
262.542 0 0
263.88 0 0
265.217 0 0
266.555 0 0
267.893 0 0
269.231 0 0
270.569 0 0
271.906 0 0
273.244 0 0
274.582 0 0
275.92 0 0
277.258 0 0
278.595 0 0
279.933 0 0
281.271 0 0
282.609 0 0
283.946 0 0
285.284 0 0
286.622 0 0
287.96 0 0
289.298 0 0
290.635 0 0
291.973 0 0
293.311 0 0
294.649 0 0
295.987 0 0
297.324 0 0
298.662 0 0
300 0 0
