# cv  sampled_prob  reweighted_prob # Neff/N= 0.366915
-3.14159 0.171504 0.00989733
-3.12058 0.175899 0.0133861
-3.09956 0.180169 0.0178901
-3.07855 0.184308 0.0236267
-3.05754 0.188334 0.0308349
-3.03652 0.192279 0.0397689
-3.01551 0.196179 0.0506913
-2.99449 0.200067 0.063862
-2.97348 0.203958 0.0795268
-2.95247 0.207851 0.0979033
-2.93145 0.211725 0.119165
-2.91044 0.215544 0.143428
-2.88942 0.219268 0.17073
-2.86841 0.222858 0.201018
-2.8474 0.226279 0.234132
-2.82638 0.229505 0.269791
-2.80537 0.232515 0.307586
-2.78435 0.235291 0.346982
-2.76334 0.237817 0.387323
-2.74233 0.240075 0.427851
-2.72131 0.242048 0.467742
-2.7003 0.243729 0.506139
-2.67928 0.245117 0.542203
-2.65827 0.246228 0.575154
-2.63726 0.247092 0.604312
-2.61624 0.247751 0.629126
-2.59523 0.248251 0.649192
-2.57421 0.248636 0.664255
-2.5532 0.248937 0.674211
-2.53219 0.24917 0.679088
-2.51117 0.249332 0.679041
-2.49016 0.249412 0.674327
-2.46914 0.249388 0.665296
-2.44813 0.249248 0.65237
-2.42712 0.248983 0.636026
-2.4061 0.248602 0.616777
-2.38509 0.248124 0.595156
-2.36407 0.247575 0.571699
-2.34306 0.246989 0.546932
-2.32205 0.246394 0.521361
-2.30103 0.245814 0.495461
-2.28002 0.245264 0.469663
-2.259 0.244751 0.444352
-2.23799 0.244272 0.419852
-2.21698 0.243819 0.396426
-2.19596 0.243377 0.374276
-2.17495 0.242931 0.353544
-2.15393 0.242463 0.334322
-2.13292 0.241958 0.316667
-2.11191 0.241401 0.300611
-2.09089 0.240779 0.28618
-2.06988 0.240081 0.273396
-2.04886 0.239299 0.262291
-2.02785 0.238423 0.252905
-2.00684 0.237448 0.245284
-1.98582 0.236375 0.239481
-1.96481 0.235212 0.235552
-1.94379 0.233981 0.233564
-1.92278 0.232719 0.233597
-1.90177 0.231477 0.235757
-1.88075 0.230318 0.240189
-1.85974 0.229307 0.247083
-1.83872 0.228501 0.256684
-1.81771 0.227945 0.26929
-1.7967 0.227663 0.285247
-1.77568 0.227655 0.304928
-1.75467 0.227908 0.328715
-1.73365 0.228394 0.356954
-1.71264 0.229079 0.389916
-1.69163 0.22993 0.427741
-1.67061 0.230917 0.470389
-1.6496 0.232014 0.51759
-1.62858 0.233199 0.568814
-1.60757 0.234452 0.623249
-1.58656 0.235754 0.679803
-1.56554 0.237082 0.73712
-1.54453 0.238411 0.793616
-1.52351 0.23971 0.847535
-1.5025 0.240944 0.897014
-1.48149 0.242076 0.94018
-1.46047 0.243067 0.975249
-1.43946 0.243884 1.00064
-1.41844 0.244499 1.01511
-1.39743 0.244889 1.0178
-1.37642 0.245039 1.00837
-1.3554 0.244934 0.98699
-1.33439 0.244562 0.954346
-1.31337 0.243905 0.911574
-1.29236 0.242945 0.860177
-1.27135 0.24166 0.801912
-1.25033 0.240027 0.738672
-1.22932 0.238031 0.672371
-1.2083 0.235667 0.604847
-1.18729 0.232943 0.537778
-1.16628 0.229884 0.472632
-1.14526 0.22653 0.410626
-1.12425 0.222932 0.352707
-1.10323 0.219154 0.299556
-1.08222 0.215265 0.251593
-1.06121 0.211337 0.209003
-1.04019 0.207434 0.171764
-1.01918 0.203616 0.139685
-0.998165 0.199924 0.112444
-0.977151 0.196384 0.0896254
-0.956137 0.193005 0.0707619
-0.935123 0.189782 0.0553616
-0.914109 0.186697 0.0429374
-0.893095 0.183728 0.0330263
-0.872081 0.180851 0.0252035
-0.851067 0.178041 0.0190905
-0.830053 0.175271 0.0143584
-0.809039 0.172509 0.0107274
-0.788025 0.169719 0.00796435
-0.767011 0.166863 0.00587799
-0.745997 0.163909 0.00431397
-0.724983 0.160836 0.00314946
-0.703969 0.157645 0.00228788
-0.682955 0.154366 0.0016542
-0.661941 0.151053 0.00119075
-0.640927 0.147785 0.00085359
-0.619913 0.144651 0.000609534
-0.598899 0.141734 0.000433718
-0.577885 0.139098 0.000307637
-0.556871 0.136779 0.00021761
-0.535857 0.134773 0.000153583
-0.514843 0.133044 0.000108214
-0.493829 0.131533 7.61725e-05
-0.472815 0.13017 5.36082e-05
-0.451801 0.128888 3.77562e-05
-0.430787 0.127638 2.66404e-05
-0.409773 0.12639 1.88545e-05
-0.388759 0.125138 1.34023e-05
-0.367745 0.123893 9.58154e-06
-0.346731 0.122675 6.89878e-06
-0.325717 0.121511 5.0092e-06
-0.304703 0.120427 3.67268e-06
-0.283689 0.119445 2.72253e-06
-0.262675 0.118587 2.04329e-06
-0.241661 0.117872 1.55498e-06
-0.220647 0.117314 1.20212e-06
-0.199633 0.11692 9.46099e-07
-0.178619 0.116689 7.59897e-07
-0.157605 0.116606 6.24536e-07
-0.136591 0.116642 5.26624e-07
-0.115577 0.116758 4.56711e-07
-0.094563 0.116909 4.0818e-07
-0.073549 0.117049 3.76504e-07
-0.052535 0.117142 3.58766e-07
-0.031521 0.117166 3.53355e-07
-0.010507 0.117118 3.59813e-07
0.010507 0.117014 3.78796e-07
0.031521 0.116885 4.12153e-07
0.052535 0.116777 4.63149e-07
0.073549 0.116736 5.36857e-07
0.094563 0.116807 6.40798e-07
0.115577 0.11702 7.85919e-07
0.136591 0.117388 9.8807e-07
0.157605 0.117906 1.27021e-06
0.178619 0.118549 1.66566e-06
0.199633 0.119283 2.22284e-06
0.220647 0.120073 3.01213e-06
0.241661 0.120892 4.13576e-06
0.262675 0.121729 5.74177e-06
0.283689 0.122594 8.04384e-06
0.304703 0.123516 1.13491e-05
0.325717 0.124536 1.60966e-05
0.346731 0.125695 2.29109e-05
0.367745 0.127026 3.26745e-05
0.388759 0.128546 4.66257e-05
0.409773 0.130248 6.64868e-05
0.430787 0.132111 9.46312e-05
0.451801 0.134098 0.000134293
0.472815 0.136175 0.000189825
0.493829 0.138319 0.000267004
0.514843 0.140522 0.000373378
0.535857 0.142796 0.000518647
0.556871 0.145167 0.000715034
0.577885 0.147667 0.000977643
0.598899 0.150327 0.00132471
0.619913 0.153163 0.00177774
0.640927 0.156175 0.00236142
0.661941 0.159345 0.00310321
0.682955 0.162638 0.00403271
0.703969 0.166009 0.0051804
0.724983 0.16941 0.00657604
0.745997 0.172793 0.00824648
0.767011 0.176113 0.0102129
0.788025 0.179333 0.0124875
0.809039 0.182427 0.0150702
0.830053 0.185373 0.017945
0.851067 0.188159 0.0210768
0.872081 0.190773 0.0244092
0.893095 0.193206 0.0278635
0.914109 0.195438 0.0313403
0.935123 0.197443 0.0347218
0.956137 0.199178 0.0378783
0.977151 0.200591 0.040675
0.998165 0.201618 0.0429819
1.01918 0.202196 0.0446835
1.04019 0.202271 0.0456883
1.06121 0.201806 0.0459376
1.08222 0.200788 0.0454103
1.10323 0.199234 0.0441262
1.12425 0.197187 0.0421441
1.14526 0.194711 0.0395578
1.16628 0.191877 0.0364876
1.18729 0.188758 0.0330714
1.2083 0.185416 0.0294534
1.22932 0.181895 0.0257743
1.25033 0.178223 0.0221619
1.27135 0.17441 0.0187244
1.29236 0.17046 0.0155457
1.31337 0.166373 0.0126834
1.33439 0.162156 0.0101701
1.3554 0.157825 0.00801522
1.37642 0.153407 0.00620949
1.39743 0.148938 0.00472928
1.41844 0.14446 0.00354145
1.43946 0.140019 0.00260771
1.46047 0.135656 0.00188831
1.48149 0.131405 0.00134481
1.5025 0.127293 0.000942008
1.52351 0.123337 0.000649057
1.54453 0.119544 0.000439924
1.56554 0.115913 0.000293342
1.58656 0.112438 0.000192449
1.60757 0.109105 0.000124239
1.62858 0.105895 7.89366e-05
1.6496 0.102786 4.93706e-05
1.67061 0.0997475 3.04049e-05
1.69163 0.0967449 1.84436e-05
1.71264 0.0937374 1.1024e-05
1.73365 0.0906799 6.4957e-06
1.75467 0.0875247 3.77521e-06
1.77568 0.0842248 2.16554e-06
1.7967 0.0807372 1.22697e-06
1.81771 0.0770265 6.8729e-07
1.83872 0.0730694 3.81012e-07
1.85974 0.0688575 2.09293e-07
1.88075 0.0644003 1.1407e-07
1.90177 0.059727 6.17779e-08
1.92278 0.0548862 3.32983e-08
1.94379 0.0499445 1.78919e-08
1.96481 0.0449828 9.60028e-09
1.98582 0.0400912 5.15349e-09
2.00684 0.0353629 2.77319e-09
2.02785 0.0308881 1.49946e-09
2.04886 0.0267476 8.17022e-10
2.06988 0.0230085 4.50338e-10
2.09089 0.019721 2.5243e-10
2.11191 0.0169184 1.44979e-10
2.13292 0.0146182 8.62685e-11
2.15393 0.012826 5.4084e-11
2.17495 0.0115406 3.66255e-11
2.19596 0.0107596 2.77007e-11
2.21698 0.0104845 2.42097e-11
2.23799 0.0107242 2.48758e-11
2.259 0.0114956 2.96864e-11
2.28002 0.0128215 3.97961e-11
2.30103 0.0147248 5.78279e-11
2.32205 0.0172213 8.86511e-11
2.34306 0.0203103 1.40886e-10
2.36407 0.0239673 2.2962e-10
2.38509 0.0281384 3.81223e-10
2.4061 0.0327393 6.41847e-10
2.42712 0.0376588 1.09238e-09
2.44813 0.0427667 1.87479e-09
2.46914 0.0479246 3.23829e-09
2.49016 0.0529982 5.62016e-09
2.51117 0.0578687 9.78596e-09
2.53219 0.0624419 1.70712e-08
2.5532 0.0666541 2.97928e-08
2.57421 0.0704743 5.19437e-08
2.59523 0.0739034 9.0349e-08
2.61624 0.0769718 1.56574e-07
2.63726 0.0797356 2.70038e-07
2.65827 0.0822717 4.63048e-07
2.67928 0.0846737 7.88876e-07
2.7003 0.0870448 1.33458e-06
2.72131 0.0894906 2.24121e-06
2.74233 0.0921094 3.73514e-06
2.76334 0.0949816 6.17635e-06
2.78435 0.0981603 1.01313e-05
2.80537 0.101665 1.64817e-05
2.82638 0.105478 2.65834e-05
2.8474 0.109551 4.24957e-05
2.86841 0.113816 6.73043e-05
2.88942 0.118195 0.000105569
2.91044 0.122619 0.000163932
2.93145 0.127035 0.000251924
2.95247 0.13142 0.000383012
2.97348 0.135774 0.000575922
2.99449 0.140117 0.000856272
3.01551 0.14448 0.00125853
3.03652 0.148891 0.00182828
3.05754 0.153364 0.00262479
3.07855 0.157895 0.00372377
3.09956 0.162457 0.00522019
3.12058 0.167009 0.00723099
3.14159 0.171504 0.00989733
